0	6.968435e+02	-9.769386e+02	0.000000e+00	0.000000e+00	8.350000e+03	0.000000e+00	0.000000e+00	0.000000e+00	0.000000e+00	8.890171e-01	0.000000e+00	0.000000e+00	-4.578739e-01	-0.000000e+00	0.000000e+00	0.000000e+00	-1.415314e+04	0.000000e+00	-4.149036e+04	-0.000000e+00	0.000000e+00	0.000000e+00	0.000000e+00	0.000000e+00	-5.450000e+01	0.000000e+00	0.000000e+00	0.000000e+00
5.000000e-02	6.960096e+02	-9.762549e+02	0.000000e+00	3.482175e+01	8.301170e+03	0.000000e+00	0.000000e+00	0.000000e+00	-6.006417e-04	8.890149e-01	0.000000e+00	0.000000e+00	-4.578783e-01	1.291211e-02	0.000000e+00	0.000000e+00	-1.415336e+04	0.000000e+00	-4.172396e+04	1.429875e+02	0.000000e+00	0.000000e+00	0.000000e+00	-1.511339e+01	-5.450056e+01	0.000000e+00	0.000000e+00	-3.441423e-03
1.000000e-01	6.951746e+02	-9.755620e+02	0.000000e+00	6.960178e+01	8.252374e+03	0.000000e+00	0.000000e+00	0.000000e+00	-2.208118e-03	8.889998e-01	0.000000e+00	0.000000e+00	-4.579076e-01	2.240554e-02	0.000000e+00	0.000000e+00	-1.415357e+04	0.000000e+00	-4.195806e+04	2.495426e+02	0.000000e+00	0.000000e+00	0.000000e+00	-2.514921e+01	-5.450435e+01	0.000000e+00	0.000000e+00	-1.265159e-02
1.500000e-01	6.943372e+02	-9.748609e+02	0.000000e+00	1.043400e+02	8.203613e+03	0.000000e+00	0.000000e+00	0.000000e+00	-4.328590e-03	8.889628e-01	0.000000e+00	0.000000e+00	-4.579794e-01	2.632435e-02	0.000000e+00	0.000000e+00	-1.415379e+04	0.000000e+00	-4.219265e+04	2.950083e+02	0.000000e+00	0.000000e+00	0.000000e+00	-2.789920e+01	-5.451360e+01	0.000000e+00	0.000000e+00	-2.480100e-02
2.000000e-01	6.934956e+02	-9.741527e+02	0.000000e+00	1.390363e+02	8.154887e+03	0.000000e+00	0.000000e+00	0.000000e+00	-6.373610e-03	8.889014e-01	0.000000e+00	0.000000e+00	-4.580985e-01	2.412414e-02	0.000000e+00	0.000000e+00	-1.415400e+04	0.000000e+00	-4.242771e+04	2.723471e+02	0.000000e+00	0.000000e+00	0.000000e+00	-2.321929e+01	-5.452896e+01	0.000000e+00	0.000000e+00	-3.651809e-02
2.500000e-01	6.926483e+02	-9.734387e+02	0.000000e+00	1.736903e+02	8.106197e+03	0.000000e+00	0.000000e+00	0.000000e+00	-7.820511e-03	8.888195e-01	0.000000e+00	0.000000e+00	-4.582574e-01	1.688751e-02	0.000000e+00	0.000000e+00	-1.415422e+04	0.000000e+00	-4.266325e+04	1.927217e+02	0.000000e+00	0.000000e+00	0.000000e+00	-1.291021e+01	-5.454944e+01	0.000000e+00	0.000000e+00	-4.480822e-02
3.000000e-01	6.917939e+02	-9.727196e+02	0.000000e+00	2.083018e+02	8.057543e+03	0.000000e+00	0.000000e+00	0.000000e+00	-8.343346e-03	8.887260e-01	0.000000e+00	0.000000e+00	-4.584387e-01	6.914677e-03	0.000000e+00	0.000000e+00	-1.415444e+04	0.000000e+00	-4.289924e+04	8.127958e+01	0.000000e+00	0.000000e+00	0.000000e+00	-9.839096e-02	-5.457282e+01	0.000000e+00	0.000000e+00	-4.780385e-02
3.500000e-01	6.909321e+02	-9.719959e+02	0.000000e+00	2.428704e+02	8.008925e+03	0.000000e+00	0.000000e+00	0.000000e+00	-7.882391e-03	8.886321e-01	0.000000e+00	0.000000e+00	-4.586208e-01	-2.971197e-03	0.000000e+00	0.000000e+00	-1.415465e+04	0.000000e+00	-4.313569e+04	-3.041928e+01	0.000000e+00	0.000000e+00	0.000000e+00	1.168966e+01	-5.459629e+01	0.000000e+00	0.000000e+00	-4.516278e-02
4.000000e-01	6.900632e+02	-9.712671e+02	0.000000e+00	2.773958e+02	7.960343e+03	0.000000e+00	0.000000e+00	0.000000e+00	-6.638049e-03	8.885481e-01	0.000000e+00	0.000000e+00	-4.587835e-01	-1.019920e-02	0.000000e+00	0.000000e+00	-1.415487e+04	0.000000e+00	-4.337259e+04	-1.130961e+02	0.000000e+00	0.000000e+00	0.000000e+00	1.945558e+01	-5.461727e+01	0.000000e+00	0.000000e+00	-3.803322e-02
4.500000e-01	6.891882e+02	-9.705326e+02	0.000000e+00	3.118775e+02	7.911797e+03	0.000000e+00	0.000000e+00	0.000000e+00	-5.001641e-03	8.884810e-01	0.000000e+00	0.000000e+00	-4.589134e-01	-1.310278e-02	0.000000e+00	0.000000e+00	-1.415508e+04	0.000000e+00	-4.360993e+04	-1.472664e+02	0.000000e+00	0.000000e+00	0.000000e+00	2.146034e+01	-5.463403e+01	0.000000e+00	0.000000e+00	-2.865729e-02
5.000000e-01	6.883086e+02	-9.697913e+02	0.000000e+00	3.463154e+02	7.863289e+03	0.000000e+00	0.000000e+00	0.000000e+00	-3.436334e-03	8.884327e-01	0.000000e+00	0.000000e+00	-4.590069e-01	-1.128872e-02	0.000000e+00	0.000000e+00	-1.415530e+04	0.000000e+00	-4.384770e+04	-1.277004e+02	0.000000e+00	0.000000e+00	0.000000e+00	1.764893e+01	-5.464609e+01	0.000000e+00	0.000000e+00	-1.968874e-02
5.500000e-01	6.874257e+02	-9.690423e+02	0.000000e+00	3.807092e+02	7.814817e+03	0.000000e+00	0.000000e+00	0.000000e+00	-2.348334e-03	8.884000e-01	0.000000e+00	0.000000e+00	-4.590702e-01	-5.636703e-03	0.000000e+00	0.000000e+00	-1.415551e+04	0.000000e+00	-4.408588e+04	-6.373802e+01	0.000000e+00	0.000000e+00	0.000000e+00	9.508307e+00	-5.465426e+01	0.000000e+00	0.000000e+00	-1.345496e-02
6.000000e-01	6.865403e+02	-9.682850e+02	0.000000e+00	4.150588e+02	7.766384e+03	0.000000e+00	0.000000e+00	0.000000e+00	-1.984112e-03	8.883758e-01	0.000000e+00	0.000000e+00	-4.591170e-01	2.038287e-03	0.000000e+00	0.000000e+00	-1.415573e+04	0.000000e+00	-4.432448e+04	2.429190e+01	0.000000e+00	0.000000e+00	0.000000e+00	-4.491402e-01	-5.466029e+01	0.000000e+00	0.000000e+00	-1.136813e-02
6.500000e-01	6.856528e+02	-9.675190e+02	0.000000e+00	4.493641e+02	7.717988e+03	0.000000e+00	0.000000e+00	0.000000e+00	-2.377896e-03	8.883515e-01	0.000000e+00	0.000000e+00	-4.591640e-01	9.543818e-03	0.000000e+00	0.000000e+00	-1.415594e+04	0.000000e+00	-4.456349e+04	1.113071e+02	0.000000e+00	0.000000e+00	0.000000e+00	-9.432723e+00	-5.466635e+01	0.000000e+00	0.000000e+00	-1.362434e-02
7.000000e-01	6.847629e+02	-9.667446e+02	0.000000e+00	4.836249e+02	7.669631e+03	0.000000e+00	0.000000e+00	0.000000e+00	-3.360311e-03	8.883191e-01	0.000000e+00	0.000000e+00	-4.592267e-01	1.492258e-02	0.000000e+00	0.000000e+00	-1.415616e+04	0.000000e+00	-4.480288e+04	1.745073e+02	0.000000e+00	0.000000e+00	0.000000e+00	-1.514439e+01	-5.467444e+01	0.000000e+00	0.000000e+00	-1.925317e-02
7.500000e-01	6.838696e+02	-9.659624e+02	0.000000e+00	5.178412e+02	7.621313e+03	0.000000e+00	0.000000e+00	0.000000e+00	-4.620140e-03	8.882735e-01	0.000000e+00	0.000000e+00	-4.593149e-01	1.695138e-02	0.000000e+00	0.000000e+00	-1.415637e+04	0.000000e+00	-4.504266e+04	1.992601e+02	0.000000e+00	0.000000e+00	0.000000e+00	-1.634534e+01	-5.468581e+01	0.000000e+00	0.000000e+00	-2.647145e-02
8.000000e-01	6.829719e+02	-9.651731e+02	0.000000e+00	5.520127e+02	7.573034e+03	0.000000e+00	0.000000e+00	0.000000e+00	-5.799162e-03	8.882136e-01	0.000000e+00	0.000000e+00	-4.594307e-01	1.540356e-02	0.000000e+00	0.000000e+00	-1.415659e+04	0.000000e+00	-4.528282e+04	1.823584e+02	0.000000e+00	0.000000e+00	0.000000e+00	-1.310646e+01	-5.470076e+01	0.000000e+00	0.000000e+00	-3.322675e-02
8.500000e-01	6.820689e+02	-9.643775e+02	0.000000e+00	5.861392e+02	7.524795e+03	0.000000e+00	0.000000e+00	0.000000e+00	-6.591870e-03	8.881420e-01	0.000000e+00	0.000000e+00	-4.595691e-01	1.102308e-02	0.000000e+00	0.000000e+00	-1.415680e+04	0.000000e+00	-4.552334e+04	1.319617e+02	0.000000e+00	0.000000e+00	0.000000e+00	-6.679422e+00	-5.471861e+01	0.000000e+00	0.000000e+00	-3.776863e-02
9.000000e-01	6.811597e+02	-9.635760e+02	0.000000e+00	6.202204e+02	7.476596e+03	0.000000e+00	0.000000e+00	0.000000e+00	-6.822639e-03	8.880644e-01	0.000000e+00	0.000000e+00	-4.597190e-01	5.241334e-03	0.000000e+00	0.000000e+00	-1.415701e+04	0.000000e+00	-4.576421e+04	6.449252e+01	0.000000e+00	0.000000e+00	0.000000e+00	9.388959e-01	-5.473796e+01	0.000000e+00	0.000000e+00	-3.909084e-02
9.500000e-01	6.802443e+02	-9.627688e+02	0.000000e+00	6.542560e+02	7.428437e+03	0.000000e+00	0.000000e+00	0.000000e+00	-6.481532e-03	8.879874e-01	0.000000e+00	0.000000e+00	-4.598678e-01	-2.657171e-04	0.000000e+00	0.000000e+00	-1.415723e+04	0.000000e+00	-4.600543e+04	-4.383148e-01	0.000000e+00	0.000000e+00	0.000000e+00	7.605655e+00	-5.475715e+01	0.000000e+00	0.000000e+00	-3.713644e-02
1.000000e+00	6.793228e+02	-9.619555e+02	0.000000e+00	6.882457e+02	7.380318e+03	0.000000e+00	0.000000e+00	0.000000e+00	-5.712196e-03	8.879169e-01	0.000000e+00	0.000000e+00	-4.600039e-01	-4.047166e-03	0.000000e+00	0.000000e+00	-1.415744e+04	0.000000e+00	-4.624699e+04	-4.555183e+01	0.000000e+00	0.000000e+00	0.000000e+00	1.162497e+01	-5.477471e+01	0.000000e+00	0.000000e+00	-3.272847e-02
1.050000e+00	6.783960e+02	-9.611358e+02	0.000000e+00	7.221891e+02	7.332241e+03	0.000000e+00	0.000000e+00	0.000000e+00	-4.760923e-03	8.878565e-01	0.000000e+00	0.000000e+00	-4.601204e-01	-5.245710e-03	0.000000e+00	0.000000e+00	-1.415766e+04	0.000000e+00	-4.648888e+04	-6.034889e+01	0.000000e+00	0.000000e+00	0.000000e+00	1.213785e+01	-5.478975e+01	0.000000e+00	0.000000e+00	-2.727808e-02
1.100000e+00	6.774648e+02	-9.603090e+02	0.000000e+00	7.560861e+02	7.284204e+03	0.000000e+00	0.000000e+00	0.000000e+00	-3.901284e-03	8.878068e-01	0.000000e+00	0.000000e+00	-4.602163e-01	-3.777139e-03	0.000000e+00	0.000000e+00	-1.415787e+04	0.000000e+00	-4.673108e+04	-4.340201e+01	0.000000e+00	0.000000e+00	0.000000e+00	9.324769e+00	-5.480213e+01	0.000000e+00	0.000000e+00	-2.235271e-02
1.150000e+00	6.765298e+02	-9.594746e+02	0.000000e+00	7.899365e+02	7.236209e+03	0.000000e+00	0.000000e+00	0.000000e+00	-3.357112e-03	8.877654e-01	0.000000e+00	0.000000e+00	-4.602962e-01	-2.832218e-04	0.000000e+00	0.000000e+00	-1.415808e+04	0.000000e+00	-4.697360e+04	-1.978276e+00	0.000000e+00	0.000000e+00	0.000000e+00	4.250915e+00	-5.481245e+01	0.000000e+00	0.000000e+00	-1.923484e-02
1.200000e+00	6.755916e+02	-9.586322e+02	0.000000e+00	8.237400e+02	7.188256e+03	0.000000e+00	0.000000e+00	0.000000e+00	-3.246141e-03	8.877278e-01	0.000000e+00	0.000000e+00	-4.603687e-01	4.108526e-03	0.000000e+00	0.000000e+00	-1.415829e+04	0.000000e+00	-4.721641e+04	5.067727e+01	0.000000e+00	0.000000e+00	0.000000e+00	-1.496555e+00	-5.482180e+01	0.000000e+00	0.000000e+00	-1.859902e-02
1.250000e+00	6.746502e+02	-9.577818e+02	0.000000e+00	8.574965e+02	7.140345e+03	0.000000e+00	0.000000e+00	0.000000e+00	-3.557799e-03	8.876890e-01	0.000000e+00	0.000000e+00	-4.604434e-01	8.135616e-03	0.000000e+00	0.000000e+00	-1.415851e+04	0.000000e+00	-4.745950e+04	9.946219e+01	0.000000e+00	0.000000e+00	0.000000e+00	-6.301580e+00	-5.483145e+01	0.000000e+00	0.000000e+00	-2.038469e-02
1.300000e+00	6.737054e+02	-9.569235e+02	0.000000e+00	8.912059e+02	7.092477e+03	0.000000e+00	0.000000e+00	0.000000e+00	-4.168091e-03	8.876448e-01	0.000000e+00	0.000000e+00	-4.605286e-01	1.075493e-02	0.000000e+00	0.000000e+00	-1.415872e+04	0.000000e+00	-4.770287e+04	1.316792e+02	0.000000e+00	0.000000e+00	0.000000e+00	-8.948290e+00	-5.484245e+01	0.000000e+00	0.000000e+00	-2.388140e-02
1.350000e+00	6.727566e+02	-9.560577e+02	0.000000e+00	9.248679e+02	7.044652e+03	0.000000e+00	0.000000e+00	0.000000e+00	-4.883597e-03	8.875928e-01	0.000000e+00	0.000000e+00	-4.606289e-01	1.140518e-02	0.000000e+00	0.000000e+00	-1.415893e+04	0.000000e+00	-4.794651e+04	1.402799e+02	0.000000e+00	0.000000e+00	0.000000e+00	-8.921907e+00	-5.485540e+01	0.000000e+00	0.000000e+00	-2.798095e-02
1.400000e+00	6.718031e+02	-9.551848e+02	0.000000e+00	9.584824e+02	6.996870e+03	0.000000e+00	0.000000e+00	0.000000e+00	-5.500731e-03	8.875329e-01	0.000000e+00	0.000000e+00	-4.607443e-01	1.011383e-02	0.000000e+00	0.000000e+00	-1.415914e+04	0.000000e+00	-4.819041e+04	1.252842e+02	0.000000e+00	0.000000e+00	0.000000e+00	-6.485820e+00	-5.487030e+01	0.000000e+00	0.000000e+00	-3.151686e-02
1.450000e+00	6.708446e+02	-9.543053e+02	0.000000e+00	9.920491e+02	6.949133e+03	0.000000e+00	0.000000e+00	0.000000e+00	-5.862302e-03	8.874672e-01	0.000000e+00	0.000000e+00	-4.608709e-01	7.433239e-03	0.000000e+00	0.000000e+00	-1.415936e+04	0.000000e+00	-4.843454e+04	9.313853e+01	0.000000e+00	0.000000e+00	0.000000e+00	-2.537031e+00	-5.488664e+01	0.000000e+00	0.000000e+00	-3.358852e-02
1.500000e+00	6.698805e+02	-9.534193e+02	0.000000e+00	1.025568e+03	6.901439e+03	0.000000e+00	0.000000e+00	0.000000e+00	-5.896089e-03	8.873991e-01	0.000000e+00	0.000000e+00	-4.610019e-01	4.239354e-03	0.000000e+00	0.000000e+00	-1.415957e+04	0.000000e+00	-4.867891e+04	5.436967e+01	0.000000e+00	0.000000e+00	0.000000e+00	1.699160e+00	-5.490356e+01	0.000000e+00	0.000000e+00	-3.378210e-02
1.550000e+00	6.689109e+02	-9.525268e+02	0.000000e+00	1.059038e+03	6.853790e+03	0.000000e+00	0.000000e+00	0.000000e+00	-5.626472e-03	8.873324e-01	0.000000e+00	0.000000e+00	-4.611303e-01	1.461034e-03	0.000000e+00	0.000000e+00	-1.415978e+04	0.000000e+00	-4.892351e+04	2.032831e+01	0.000000e+00	0.000000e+00	0.000000e+00	5.036209e+00	-5.492013e+01	0.000000e+00	0.000000e+00	-3.223731e-02
1.600000e+00	6.679360e+02	-9.516277e+02	0.000000e+00	1.092460e+03	6.806186e+03	0.000000e+00	0.000000e+00	0.000000e+00	-5.158466e-03	8.872701e-01	0.000000e+00	0.000000e+00	-4.612502e-01	-1.791498e-04	0.000000e+00	0.000000e+00	-1.415999e+04	0.000000e+00	-4.916831e+04	5.253376e-04	0.000000e+00	0.000000e+00	0.000000e+00	6.649044e+00	-5.493563e+01	0.000000e+00	0.000000e+00	-2.955583e-02
1.650000e+00	6.669563e+02	-9.507217e+02	0.000000e+00	1.125833e+03	6.758626e+03	0.000000e+00	0.000000e+00	0.000000e+00	-4.641027e-03	8.872136e-01	0.000000e+00	0.000000e+00	-4.613590e-01	-3.424378e-04	0.000000e+00	0.000000e+00	-1.416020e+04	0.000000e+00	-4.941332e+04	-2.239511e+00	0.000000e+00	0.000000e+00	0.000000e+00	6.265623e+00	-5.494967e+01	0.000000e+00	0.000000e+00	-2.659113e-02
1.700000e+00	6.659723e+02	-9.498084e+02	0.000000e+00	1.159156e+03	6.711113e+03	0.000000e+00	0.000000e+00	0.000000e+00	-4.222009e-03	8.871625e-01	0.000000e+00	0.000000e+00	-4.614571e-01	8.711295e-04	0.000000e+00	0.000000e+00	-1.416041e+04	0.000000e+00	-4.965851e+04	1.259769e+01	0.000000e+00	0.000000e+00	0.000000e+00	4.190232e+00	-5.496234e+01	0.000000e+00	0.000000e+00	-2.419033e-02
1.750000e+00	6.649842e+02	-9.488875e+02	0.000000e+00	1.192431e+03	6.663645e+03	0.000000e+00	0.000000e+00	0.000000e+00	-4.007194e-03	8.871153e-01	0.000000e+00	0.000000e+00	-4.615479e-01	2.994039e-03	0.000000e+00	0.000000e+00	-1.416062e+04	0.000000e+00	-4.990389e+04	3.890368e+01	0.000000e+00	0.000000e+00	0.000000e+00	1.166492e+00	-5.497408e+01	0.000000e+00	0.000000e+00	-2.295953e-02
1.800000e+00	6.639924e+02	-9.479588e+02	0.000000e+00	1.225656e+03	6.616223e+03	0.000000e+00	0.000000e+00	0.000000e+00	-4.035407e-03	8.870691e-01	0.000000e+00	0.000000e+00	-4.616367e-01	5.357404e-03	0.000000e+00	0.000000e+00	-1.416083e+04	0.000000e+00	-5.014943e+04	6.846321e+01	0.000000e+00	0.000000e+00	0.000000e+00	-1.875833e+00	-5.498554e+01	0.000000e+00	0.000000e+00	-2.312118e-02
1.850000e+00	6.629968e+02	-9.470225e+02	0.000000e+00	1.258831e+03	6.568848e+03	0.000000e+00	0.000000e+00	0.000000e+00	-4.274451e-03	8.870213e-01	0.000000e+00	0.000000e+00	-4.617284e-01	7.295876e-03	0.000000e+00	0.000000e+00	-1.416105e+04	0.000000e+00	-5.039513e+04	9.297645e+01	0.000000e+00	0.000000e+00	0.000000e+00	-4.094732e+00	-5.499739e+01	0.000000e+00	0.000000e+00	-2.449080e-02
1.900000e+00	6.619972e+02	-9.460786e+02	0.000000e+00	1.291956e+03	6.521520e+03	0.000000e+00	0.000000e+00	0.000000e+00	-4.637211e-03	8.869700e-01	0.000000e+00	0.000000e+00	-4.618270e-01	8.331057e-03	0.000000e+00	0.000000e+00	-1.416126e+04	0.000000e+00	-5.064097e+04	1.063658e+02	0.000000e+00	0.000000e+00	0.000000e+00	-4.962233e+00	-5.501013e+01	0.000000e+00	0.000000e+00	-2.656926e-02
1.950000e+00	6.609932e+02	-9.451274e+02	0.000000e+00	1.325031e+03	6.474239e+03	0.000000e+00	0.000000e+00	0.000000e+00	-5.011441e-03	8.869143e-01	0.000000e+00	0.000000e+00	-4.619340e-01	8.284412e-03	0.000000e+00	0.000000e+00	-1.416147e+04	0.000000e+00	-5.088694e+04	1.062419e+02	0.000000e+00	0.000000e+00	0.000000e+00	-4.379846e+00	-5.502395e+01	0.000000e+00	0.000000e+00	-2.871344e-02
2.000000e+00	6.599845e+02	-9.441691e+02	0.000000e+00	1.358056e+03	6.427007e+03	0.000000e+00	0.000000e+00	0.000000e+00	-5.293537e-03	8.868547e-01	0.000000e+00	0.000000e+00	-4.620484e-01	7.295307e-03	0.000000e+00	0.000000e+00	-1.416168e+04	0.000000e+00	-5.113303e+04	9.420000e+01	0.000000e+00	0.000000e+00	0.000000e+00	-2.662220e+00	-5.503874e+01	0.000000e+00	0.000000e+00	-3.032973e-02
2.050000e+00	6.589708e+02	-9.432039e+02	0.000000e+00	1.391031e+03	6.379822e+03	0.000000e+00	0.000000e+00	0.000000e+00	-5.416434e-03	8.867927e-01	0.000000e+00	0.000000e+00	-4.621675e-01	5.748817e-03	0.000000e+00	0.000000e+00	-1.416188e+04	0.000000e+00	-5.137922e+04	7.497620e+01	0.000000e+00	0.000000e+00	0.000000e+00	-4.068365e-01	-5.505412e+01	0.000000e+00	0.000000e+00	-3.103388e-02
2.100000e+00	6.579521e+02	-9.422318e+02	0.000000e+00	1.423954e+03	6.332685e+03	0.000000e+00	0.000000e+00	0.000000e+00	-5.364434e-03	8.867302e-01	0.000000e+00	0.000000e+00	-4.622873e-01	4.142728e-03	0.000000e+00	0.000000e+00	-1.416209e+04	0.000000e+00	-5.162552e+04	5.481172e+01	0.000000e+00	0.000000e+00	0.000000e+00	1.702069e+00	-5.506960e+01	0.000000e+00	0.000000e+00	-3.073594e-02
2.150000e+00	6.569284e+02	-9.412528e+02	0.000000e+00	1.456827e+03	6.285598e+03	0.000000e+00	0.000000e+00	0.000000e+00	-5.172140e-03	8.866692e-01	0.000000e+00	0.000000e+00	-4.624043e-01	2.937163e-03	0.000000e+00	0.000000e+00	-1.416230e+04	0.000000e+00	-5.187189e+04	3.956103e+01	0.000000e+00	0.000000e+00	0.000000e+00	3.093685e+00	-5.508472e+01	0.000000e+00	0.000000e+00	-2.963418e-02
2.200000e+00	6.558999e+02	-9.402668e+02	0.000000e+00	1.489648e+03	6.238559e+03	0.000000e+00	0.000000e+00	0.000000e+00	-4.909455e-03	8.866109e-01	0.000000e+00	0.000000e+00	-4.625162e-01	2.430664e-03	0.000000e+00	0.000000e+00	-1.416251e+04	0.000000e+00	-5.211834e+04	3.309935e+01	0.000000e+00	0.000000e+00	0.000000e+00	3.458366e+00	-5.509918e+01	0.000000e+00	0.000000e+00	-2.812910e-02
2.250000e+00	6.548668e+02	-9.392736e+02	0.000000e+00	1.522418e+03	6.191570e+03	0.000000e+00	0.000000e+00	0.000000e+00	-4.658271e-03	8.865556e-01	0.000000e+00	0.000000e+00	-4.626221e-01	2.694616e-03	0.000000e+00	0.000000e+00	-1.416272e+04	0.000000e+00	-5.236484e+04	3.644629e+01	0.000000e+00	0.000000e+00	0.000000e+00	2.806799e+00	-5.511288e+01	0.000000e+00	0.000000e+00	-2.668992e-02
2.300000e+00	6.538294e+02	-9.382730e+02	0.000000e+00	1.555136e+03	6.144631e+03	0.000000e+00	0.000000e+00	0.000000e+00	-4.488275e-03	8.865027e-01	0.000000e+00	0.000000e+00	-4.627233e-01	3.578224e-03	0.000000e+00	0.000000e+00	-1.416293e+04	0.000000e+00	-5.261139e+04	4.777989e+01	0.000000e+00	0.000000e+00	0.000000e+00	1.432958e+00	-5.512596e+01	0.000000e+00	0.000000e+00	-2.571592e-02
2.350000e+00	6.527879e+02	-9.372649e+02	0.000000e+00	1.587802e+03	6.097742e+03	0.000000e+00	0.000000e+00	0.000000e+00	-4.438760e-03	8.864512e-01	0.000000e+00	0.000000e+00	-4.628220e-01	4.775149e-03	0.000000e+00	0.000000e+00	-1.416314e+04	0.000000e+00	-5.285798e+04	6.324665e+01	0.000000e+00	0.000000e+00	0.000000e+00	-1.988948e-01	-5.513872e+01	0.000000e+00	0.000000e+00	-2.543222e-02
2.400000e+00	6.517422e+02	-9.362493e+02	0.000000e+00	1.620416e+03	6.050904e+03	0.000000e+00	0.000000e+00	0.000000e+00	-4.510949e-03	8.863996e-01	0.000000e+00	0.000000e+00	-4.629210e-01	5.926460e-03	0.000000e+00	0.000000e+00	-1.416335e+04	0.000000e+00	-5.310458e+04	7.825784e+01	0.000000e+00	0.000000e+00	0.000000e+00	-1.603327e+00	-5.515151e+01	0.000000e+00	0.000000e+00	-2.584583e-02
2.450000e+00	6.506924e+02	-9.352261e+02	0.000000e+00	1.652977e+03	6.004116e+03	0.000000e+00	0.000000e+00	0.000000e+00	-4.671867e-03	8.863465e-01	0.000000e+00	0.000000e+00	-4.630226e-01	6.726987e-03	0.000000e+00	0.000000e+00	-1.416355e+04	0.000000e+00	-5.335119e+04	8.885570e+01	0.000000e+00	0.000000e+00	0.000000e+00	-2.412866e+00	-5.516464e+01	0.000000e+00	0.000000e+00	-2.676783e-02
2.500000e+00	6.496383e+02	-9.341956e+02	0.000000e+00	1.685486e+03	5.957380e+03	0.000000e+00	0.000000e+00	0.000000e+00	-4.867442e-03	8.862913e-01	0.000000e+00	0.000000e+00	-4.631282e-01	7.004727e-03	0.000000e+00	0.000000e+00	-1.416376e+04	0.000000e+00	-5.359780e+04	9.275617e+01	0.000000e+00	0.000000e+00	0.000000e+00	-2.468613e+00	-5.517830e+01	0.000000e+00	0.000000e+00	-2.788839e-02
2.550000e+00	6.485797e+02	-9.331578e+02	0.000000e+00	1.717942e+03	5.910696e+03	0.000000e+00	0.000000e+00	0.000000e+00	-5.040090e-03	8.862339e-01	0.000000e+00	0.000000e+00	-4.632380e-01	6.753879e-03	0.000000e+00	0.000000e+00	-1.416397e+04	0.000000e+00	-5.384439e+04	8.980740e+01	0.000000e+00	0.000000e+00	0.000000e+00	-1.841798e+00	-5.519250e+01	0.000000e+00	0.000000e+00	-2.887759e-02
2.600000e+00	6.475164e+02	-9.321129e+02	0.000000e+00	1.750345e+03	5.864063e+03	0.000000e+00	0.000000e+00	0.000000e+00	-5.145326e-03	8.861749e-01	0.000000e+00	0.000000e+00	-4.633510e-01	6.117356e-03	0.000000e+00	0.000000e+00	-1.416418e+04	0.000000e+00	-5.409094e+04	8.179683e+01	0.000000e+00	0.000000e+00	0.000000e+00	-7.877089e-01	-5.520710e+01	0.000000e+00	0.000000e+00	-2.948055e-02
2.650000e+00	6.464484e+02	-9.310609e+02	0.000000e+00	1.782695e+03	5.817483e+03	0.000000e+00	0.000000e+00	0.000000e+00	-5.162788e-03	8.861151e-01	0.000000e+00	0.000000e+00	-4.634653e-01	5.329419e-03	0.000000e+00	0.000000e+00	-1.416438e+04	0.000000e+00	-5.433745e+04	7.173194e+01	0.000000e+00	0.000000e+00	0.000000e+00	3.473695e-01	-5.522189e+01	0.000000e+00	0.000000e+00	-2.958059e-02
2.700000e+00	6.453757e+02	-9.300018e+02	0.000000e+00	1.814991e+03	5.770956e+03	0.000000e+00	0.000000e+00	0.000000e+00	-5.099187e-03	8.860555e-01	0.000000e+00	0.000000e+00	-4.635791e-01	4.639160e-03	0.000000e+00	0.000000e+00	-1.416459e+04	0.000000e+00	-5.458390e+04	6.285597e+01	0.000000e+00	0.000000e+00	0.000000e+00	1.234499e+00	-5.523661e+01	0.000000e+00	0.000000e+00	-2.921619e-02
2.750000e+00	6.442983e+02	-9.289356e+02	0.000000e+00	1.847233e+03	5.724482e+03	0.000000e+00	0.000000e+00	0.000000e+00	-4.983262e-03	8.859971e-01	0.000000e+00	0.000000e+00	-4.636909e-01	4.238685e-03	0.000000e+00	0.000000e+00	-1.416480e+04	0.000000e+00	-5.483028e+04	5.770690e+01	0.000000e+00	0.000000e+00	0.000000e+00	1.653173e+00	-5.525106e+01	0.000000e+00	0.000000e+00	-2.855199e-02
2.800000e+00	6.432163e+02	-9.278621e+02	0.000000e+00	1.879422e+03	5.678062e+03	0.000000e+00	0.000000e+00	0.000000e+00	-4.855081e-03	8.859400e-01	0.000000e+00	0.000000e+00	-4.637998e-01	4.215775e-03	0.000000e+00	0.000000e+00	-1.416500e+04	0.000000e+00	-5.507657e+04	5.748187e+01	0.000000e+00	0.000000e+00	0.000000e+00	1.541189e+00	-5.526516e+01	0.000000e+00	0.000000e+00	-2.781757e-02
2.850000e+00	6.421299e+02	-9.267814e+02	0.000000e+00	1.911556e+03	5.631695e+03	0.000000e+00	0.000000e+00	0.000000e+00	-4.753377e-03	8.858843e-01	0.000000e+00	0.000000e+00	-4.639062e-01	4.541596e-03	0.000000e+00	0.000000e+00	-1.416521e+04	0.000000e+00	-5.532277e+04	6.185346e+01	0.000000e+00	0.000000e+00	0.000000e+00	9.937811e-01	-5.527891e+01	0.000000e+00	0.000000e+00	-2.723485e-02
2.900000e+00	6.410393e+02	-9.256933e+02	0.000000e+00	1.943636e+03	5.585383e+03	0.000000e+00	0.000000e+00	0.000000e+00	-4.704752e-03	8.858295e-01	0.000000e+00	0.000000e+00	-4.640108e-01	5.092851e-03	0.000000e+00	0.000000e+00	-1.416541e+04	0.000000e+00	-5.556885e+04	6.923916e+01	0.000000e+00	0.000000e+00	0.000000e+00	2.180346e-01	-5.529245e+01	0.000000e+00	0.000000e+00	-2.695624e-02
2.950000e+00	6.399443e+02	-9.245978e+02	0.000000e+00	1.975661e+03	5.539125e+03	0.000000e+00	0.000000e+00	0.000000e+00	-4.717598e-03	8.857749e-01	0.000000e+00	0.000000e+00	-4.641150e-01	5.698021e-03	0.000000e+00	0.000000e+00	-1.416562e+04	0.000000e+00	-5.581480e+04	7.739581e+01	0.000000e+00	0.000000e+00	0.000000e+00	-5.392419e-01	-5.530593e+01	0.000000e+00	0.000000e+00	-2.702985e-02
3.000000e+00	6.388452e+02	-9.234949e+02	0.000000e+00	2.007631e+03	5.492922e+03	0.000000e+00	0.000000e+00	0.000000e+00	-4.781930e-03	8.857199e-01	0.000000e+00	0.000000e+00	-4.642201e-01	6.191703e-03	0.000000e+00	0.000000e+00	-1.416582e+04	0.000000e+00	-5.606061e+04	8.413247e+01	0.000000e+00	0.000000e+00	0.000000e+00	-1.066463e+00	-5.531952e+01	0.000000e+00	0.000000e+00	-2.739844e-02
3.050000e+00	6.377417e+02	-9.223846e+02	0.000000e+00	2.039546e+03	5.446774e+03	0.000000e+00	0.000000e+00	0.000000e+00	-4.874451e-03	8.856639e-01	0.000000e+00	0.000000e+00	-4.643270e-01	6.460610e-03	0.000000e+00	0.000000e+00	-1.416603e+04	0.000000e+00	-5.630627e+04	8.792472e+01	0.000000e+00	0.000000e+00	0.000000e+00	-1.243217e+00	-5.533335e+01	0.000000e+00	0.000000e+00	-2.792855e-02
3.100000e+00	6.366338e+02	-9.212670e+02	0.000000e+00	2.071406e+03	5.400683e+03	0.000000e+00	0.000000e+00	0.000000e+00	-4.966806e-03	8.856067e-01	0.000000e+00	0.000000e+00	-4.644359e-01	6.469156e-03	0.000000e+00	0.000000e+00	-1.416623e+04	0.000000e+00	-5.655175e+04	8.826672e+01	0.000000e+00	0.000000e+00	0.000000e+00	-1.063421e+00	-5.534745e+01	0.000000e+00	0.000000e+00	-2.845770e-02
3.150000e+00	6.355215e+02	-9.201423e+02	0.000000e+00	2.103211e+03	5.354647e+03	0.000000e+00	0.000000e+00	0.000000e+00	-5.034252e-03	8.855486e-01	0.000000e+00	0.000000e+00	-4.645467e-01	6.259829e-03	0.000000e+00	0.000000e+00	-1.416644e+04	0.000000e+00	-5.679705e+04	8.569141e+01	0.000000e+00	0.000000e+00	0.000000e+00	-6.229898e-01	-5.536178e+01	0.000000e+00	0.000000e+00	-2.884414e-02
3.200000e+00	6.344047e+02	-9.190103e+02	0.000000e+00	2.134959e+03	5.308667e+03	0.000000e+00	0.000000e+00	0.000000e+00	-5.062234e-03	8.854900e-01	0.000000e+00	0.000000e+00	-4.646585e-01	5.931343e-03	0.000000e+00	0.000000e+00	-1.416664e+04	0.000000e+00	-5.704215e+04	8.149268e+01	0.000000e+00	0.000000e+00	0.000000e+00	-7.984860e-02	-5.537625e+01	0.000000e+00	0.000000e+00	-2.900446e-02
3.250000e+00	6.332833e+02	-9.178711e+02	0.000000e+00	2.166652e+03	5.262745e+03	0.000000e+00	0.000000e+00	0.000000e+00	-5.049241e-03	8.854312e-01	0.000000e+00	0.000000e+00	-4.647705e-01	5.603557e-03	0.000000e+00	0.000000e+00	-1.416685e+04	0.000000e+00	-5.728704e+04	7.726462e+01	0.000000e+00	0.000000e+00	0.000000e+00	3.988313e-01	-5.539074e+01	0.000000e+00	0.000000e+00	-2.893002e-02
3.300000e+00	6.321574e+02	-9.167248e+02	0.000000e+00	2.198289e+03	5.216879e+03	0.000000e+00	0.000000e+00	0.000000e+00	-5.005581e-03	8.853727e-01	0.000000e+00	0.000000e+00	-4.648819e-01	5.380805e-03	0.000000e+00	0.000000e+00	-1.416705e+04	0.000000e+00	-5.753170e+04	7.441176e+01	0.000000e+00	0.000000e+00	0.000000e+00	6.854722e-01	-5.540515e+01	0.000000e+00	0.000000e+00	-2.867986e-02
3.350000e+00	6.310271e+02	-9.155713e+02	0.000000e+00	2.229869e+03	5.171071e+03	0.000000e+00	0.000000e+00	0.000000e+00	-4.948937e-03	8.853149e-01	0.000000e+00	0.000000e+00	-4.649920e-01	5.324311e-03	0.000000e+00	0.000000e+00	-1.416725e+04	0.000000e+00	-5.777612e+04	7.377368e+01	0.000000e+00	0.000000e+00	0.000000e+00	7.234714e-01	-5.541941e+01	0.000000e+00	0.000000e+00	-2.835532e-02
3.400000e+00	6.298924e+02	-9.144105e+02	0.000000e+00	2.261393e+03	5.125321e+03	0.000000e+00	0.000000e+00	0.000000e+00	-4.898393e-03	8.852576e-01	0.000000e+00	0.000000e+00	-4.651010e-01	5.440397e-03	0.000000e+00	0.000000e+00	-1.416746e+04	0.000000e+00	-5.802028e+04	7.545755e+01	0.000000e+00	0.000000e+00	0.000000e+00	5.342970e-01	-5.543352e+01	0.000000e+00	0.000000e+00	-2.806572e-02
3.450000e+00	6.287534e+02	-9.132425e+02	0.000000e+00	2.292859e+03	5.079629e+03	0.000000e+00	0.000000e+00	0.000000e+00	-4.868817e-03	8.852009e-01	0.000000e+00	0.000000e+00	-4.652090e-01	5.685844e-03	0.000000e+00	0.000000e+00	-1.416766e+04	0.000000e+00	-5.826417e+04	7.890046e+01	0.000000e+00	0.000000e+00	0.000000e+00	2.013129e-01	-5.544750e+01	0.000000e+00	0.000000e+00	-2.789627e-02
3.500000e+00	6.276101e+02	-9.120672e+02	0.000000e+00	2.324269e+03	5.033996e+03	0.000000e+00	0.000000e+00	0.000000e+00	-4.867179e-03	8.851443e-01	0.000000e+00	0.000000e+00	-4.653167e-01	5.986666e-03	0.000000e+00	0.000000e+00	-1.416786e+04	0.000000e+00	-5.850777e+04	8.311515e+01	0.000000e+00	0.000000e+00	0.000000e+00	-1.620692e-01	-5.546144e+01	0.000000e+00	0.000000e+00	-2.788688e-02
3.550000e+00	6.264626e+02	-9.108845e+02	0.000000e+00	2.355621e+03	4.988421e+03	0.000000e+00	0.000000e+00	0.000000e+00	-4.891602e-03	8.850875e-01	0.000000e+00	0.000000e+00	-4.654246e-01	6.263187e-03	0.000000e+00	0.000000e+00	-1.416807e+04	0.000000e+00	-5.875107e+04	8.702554e+01	0.000000e+00	0.000000e+00	0.000000e+00	-4.487401e-01	-5.547541e+01	0.000000e+00	0.000000e+00	-2.802681e-02
3.600000e+00	6.253108e+02	-9.096946e+02	0.000000e+00	2.386916e+03	4.942906e+03	0.000000e+00	0.000000e+00	0.000000e+00	-4.933068e-03	8.850304e-01	0.000000e+00	0.000000e+00	-4.655333e-01	6.453445e-03	0.000000e+00	0.000000e+00	-1.416827e+04	0.000000e+00	-5.899405e+04	8.978454e+01	0.000000e+00	0.000000e+00	0.000000e+00	-5.876983e-01	-5.548948e+01	0.000000e+00	0.000000e+00	-2.826440e-02
3.650000e+00	6.241548e+02	-9.084975e+02	0.000000e+00	2.418154e+03	4.897451e+03	0.000000e+00	0.000000e+00	0.000000e+00	-4.978946e-03	8.849727e-01	0.000000e+00	0.000000e+00	-4.656429e-01	6.528421e-03	0.000000e+00	0.000000e+00	-1.416847e+04	0.000000e+00	-5.923669e+04	9.098525e+01	0.000000e+00	0.000000e+00	0.000000e+00	-5.595696e-01	-5.550368e+01	0.000000e+00	0.000000e+00	-2.852726e-02
3.700000e+00	6.229944e+02	-9.072931e+02	0.000000e+00	2.449333e+03	4.852055e+03	0.000000e+00	0.000000e+00	0.000000e+00	-5.017073e-03	8.849145e-01	0.000000e+00	0.000000e+00	-4.657535e-01	6.495847e-03	0.000000e+00	0.000000e+00	-1.416867e+04	0.000000e+00	-5.947899e+04	9.071886e+01	0.000000e+00	0.000000e+00	0.000000e+00	-3.952458e-01	-5.551800e+01	0.000000e+00	0.000000e+00	-2.874571e-02
3.750000e+00	6.218297e+02	-9.060816e+02	0.000000e+00	2.480454e+03	4.806720e+03	0.000000e+00	0.000000e+00	0.000000e+00	-5.039165e-03	8.848559e-01	0.000000e+00	0.000000e+00	-4.658648e-01	6.393010e-03	0.000000e+00	0.000000e+00	-1.416887e+04	0.000000e+00	-5.972093e+04	8.948255e+01	0.000000e+00	0.000000e+00	0.000000e+00	-1.602693e-01	-5.553241e+01	0.000000e+00	0.000000e+00	-2.887229e-02
3.800000e+00	6.206606e+02	-9.048629e+02	0.000000e+00	2.511517e+03	4.761446e+03	0.000000e+00	0.000000e+00	0.000000e+00	-5.042647e-03	8.847972e-01	0.000000e+00	0.000000e+00	-4.659763e-01	6.272109e-03	0.000000e+00	0.000000e+00	-1.416908e+04	0.000000e+00	-5.996248e+04	8.798358e+01	0.000000e+00	0.000000e+00	0.000000e+00	6.862976e-02	-5.554685e+01	0.000000e+00	0.000000e+00	-2.889224e-02
3.850000e+00	6.194872e+02	-9.036371e+02	0.000000e+00	2.542521e+03	4.716233e+03	0.000000e+00	0.000000e+00	0.000000e+00	-5.030607e-03	8.847385e-01	0.000000e+00	0.000000e+00	-4.660878e-01	6.183348e-03	0.000000e+00	0.000000e+00	-1.416928e+04	0.000000e+00	-6.020364e+04	8.690953e+01	0.000000e+00	0.000000e+00	0.000000e+00	2.270280e-01	-5.556128e+01	0.000000e+00	0.000000e+00	-2.882325e-02
3.900000e+00	6.183095e+02	-9.024041e+02	0.000000e+00	2.573467e+03	4.671081e+03	0.000000e+00	0.000000e+00	0.000000e+00	-5.010128e-03	8.846800e-01	0.000000e+00	0.000000e+00	-4.661988e-01	6.160939e-03	0.000000e+00	0.000000e+00	-1.416948e+04	0.000000e+00	-6.044439e+04	8.673505e+01	0.000000e+00	0.000000e+00	0.000000e+00	2.795581e-01	-5.557567e+01	0.000000e+00	0.000000e+00	-2.870592e-02
3.950000e+00	6.171275e+02	-9.011640e+02	0.000000e+00	2.604353e+03	4.625991e+03	0.000000e+00	0.000000e+00	0.000000e+00	-4.989715e-03	8.846217e-01	0.000000e+00	0.000000e+00	-4.663094e-01	6.215603e-03	0.000000e+00	0.000000e+00	-1.416968e+04	0.000000e+00	-6.068471e+04	8.761578e+01	0.000000e+00	0.000000e+00	0.000000e+00	2.260064e-01	-5.558999e+01	0.000000e+00	0.000000e+00	-2.858896e-02
4.000000e+00	6.159413e+02	-8.999167e+02	0.000000e+00	2.635181e+03	4.580964e+03	0.000000e+00	0.000000e+00	0.000000e+00	-4.976666e-03	8.845636e-01	0.000000e+00	0.000000e+00	-4.664196e-01	6.334824e-03	0.000000e+00	0.000000e+00	-1.416988e+04	0.000000e+00	-6.092459e+04	8.938793e+01	0.000000e+00	0.000000e+00	0.000000e+00	9.646510e-02	-5.560427e+01	0.000000e+00	0.000000e+00	-2.851420e-02
4.050000e+00	6.147509e+02	-8.986622e+02	0.000000e+00	2.665949e+03	4.535999e+03	0.000000e+00	0.000000e+00	0.000000e+00	-4.975160e-03	8.845056e-01	0.000000e+00	0.000000e+00	-4.665296e-01	6.489703e-03	0.000000e+00	0.000000e+00	-1.417008e+04	0.000000e+00	-6.116401e+04	9.165925e+01	0.000000e+00	0.000000e+00	0.000000e+00	-6.154875e-02	-5.561852e+01	0.000000e+00	0.000000e+00	-2.850557e-02
4.100000e+00	6.135564e+02	-8.974006e+02	0.000000e+00	2.696657e+03	4.491096e+03	0.000000e+00	0.000000e+00	0.000000e+00	-4.985509e-03	8.844475e-01	0.000000e+00	0.000000e+00	-4.666397e-01	6.645517e-03	0.000000e+00	0.000000e+00	-1.417028e+04	0.000000e+00	-6.140295e+04	9.395280e+01	0.000000e+00	0.000000e+00	0.000000e+00	-1.991715e-01	-5.563278e+01	0.000000e+00	0.000000e+00	-2.856486e-02
4.150000e+00	6.123577e+02	-8.961318e+02	0.000000e+00	2.727305e+03	4.446257e+03	0.000000e+00	0.000000e+00	0.000000e+00	-5.004621e-03	8.843893e-01	0.000000e+00	0.000000e+00	-4.667501e-01	6.772434e-03	0.000000e+00	0.000000e+00	-1.417048e+04	0.000000e+00	-6.164140e+04	9.585472e+01	0.000000e+00	0.000000e+00	0.000000e+00	-2.803803e-01	-5.564709e+01	0.000000e+00	0.000000e+00	-2.867437e-02
4.200000e+00	6.111548e+02	-8.948559e+02	0.000000e+00	2.757894e+03	4.401482e+03	0.000000e+00	0.000000e+00	0.000000e+00	-5.027375e-03	8.843307e-01	0.000000e+00	0.000000e+00	-4.668610e-01	6.853300e-03	0.000000e+00	0.000000e+00	-1.417068e+04	0.000000e+00	-6.187935e+04	9.712324e+01	0.000000e+00	0.000000e+00	0.000000e+00	-2.904650e-01	-5.566146e+01	0.000000e+00	0.000000e+00	-2.880474e-02
4.250000e+00	6.099477e+02	-8.935728e+02	0.000000e+00	2.788422e+03	4.356771e+03	0.000000e+00	0.000000e+00	0.000000e+00	-5.048374e-03	8.842719e-01	0.000000e+00	0.000000e+00	-4.669724e-01	6.886668e-03	0.000000e+00	0.000000e+00	-1.417087e+04	0.000000e+00	-6.211677e+04	9.773298e+01	0.000000e+00	0.000000e+00	0.000000e+00	-2.371551e-01	-5.567589e+01	0.000000e+00	0.000000e+00	-2.892505e-02
4.300000e+00	6.087365e+02	-8.922827e+02	0.000000e+00	2.818890e+03	4.312124e+03	0.000000e+00	0.000000e+00	0.000000e+00	-5.063529e-03	8.842129e-01	0.000000e+00	0.000000e+00	-4.670842e-01	6.884921e-03	0.000000e+00	0.000000e+00	-1.417107e+04	0.000000e+00	-6.235366e+04	9.785104e+01	0.000000e+00	0.000000e+00	0.000000e+00	-1.451356e-01	-5.569038e+01	0.000000e+00	0.000000e+00	-2.901188e-02
4.350000e+00	6.075211e+02	-8.909855e+02	0.000000e+00	2.849297e+03	4.267541e+03	0.000000e+00	0.000000e+00	0.000000e+00	-5.071030e-03	8.841537e-01	0.000000e+00	0.000000e+00	-4.671962e-01	6.868706e-03	0.000000e+00	0.000000e+00	-1.417127e+04	0.000000e+00	-6.258998e+04	9.776157e+01	0.000000e+00	0.000000e+00	0.000000e+00	-4.649057e-02	-5.570490e+01	0.000000e+00	0.000000e+00	-2.905486e-02
4.400000e+00	6.063016e+02	-8.896813e+02	0.000000e+00	2.879643e+03	4.223024e+03	0.000000e+00	0.000000e+00	0.000000e+00	-5.071528e-03	8.840944e-01	0.000000e+00	0.000000e+00	-4.673083e-01	6.859843e-03	0.000000e+00	0.000000e+00	-1.417147e+04	0.000000e+00	-6.282573e+04	9.776778e+01	0.000000e+00	0.000000e+00	0.000000e+00	2.957384e-02	-5.571942e+01	0.000000e+00	0.000000e+00	-2.905771e-02
4.450000e+00	6.050779e+02	-8.883701e+02	0.000000e+00	2.909928e+03	4.178572e+03	0.000000e+00	0.000000e+00	0.000000e+00	-5.067577e-03	8.840352e-01	0.000000e+00	0.000000e+00	-4.674203e-01	6.874947e-03	0.000000e+00	0.000000e+00	-1.417167e+04	0.000000e+00	-6.306090e+04	9.810283e+01	0.000000e+00	0.000000e+00	0.000000e+00	6.465926e-02	-5.573395e+01	0.000000e+00	0.000000e+00	-2.903508e-02
4.500000e+00	6.038501e+02	-8.870518e+02	0.000000e+00	2.940152e+03	4.134186e+03	0.000000e+00	0.000000e+00	0.000000e+00	-5.062627e-03	8.839760e-01	0.000000e+00	0.000000e+00	-4.675323e-01	6.921490e-03	0.000000e+00	0.000000e+00	-1.417186e+04	0.000000e+00	-6.329546e+04	9.887383e+01	0.000000e+00	0.000000e+00	0.000000e+00	5.481989e-02	-5.574846e+01	0.000000e+00	0.000000e+00	-2.900671e-02
4.550000e+00	6.026183e+02	-8.857264e+02	0.000000e+00	2.970314e+03	4.089865e+03	0.000000e+00	0.000000e+00	0.000000e+00	-5.059900e-03	8.839169e-01	0.000000e+00	0.000000e+00	-4.676441e-01	6.997061e-03	0.000000e+00	0.000000e+00	-1.417206e+04	0.000000e+00	-6.352939e+04	1.000502e+02	0.000000e+00	0.000000e+00	0.000000e+00	9.511268e-03	-5.576296e+01	0.000000e+00	0.000000e+00	-2.899109e-02
4.600000e+00	6.013824e+02	-8.843941e+02	0.000000e+00	3.000415e+03	4.045612e+03	0.000000e+00	0.000000e+00	0.000000e+00	-5.061510e-03	8.838577e-01	0.000000e+00	0.000000e+00	-4.677559e-01	7.091558e-03	0.000000e+00	0.000000e+00	-1.417226e+04	0.000000e+00	-6.376269e+04	1.014929e+02	0.000000e+00	0.000000e+00	0.000000e+00	-5.314877e-02	-5.577745e+01	0.000000e+00	0.000000e+00	-2.900031e-02
4.650000e+00	6.001425e+02	-8.830548e+02	0.000000e+00	3.030454e+03	4.001425e+03	0.000000e+00	0.000000e+00	0.000000e+00	-5.068029e-03	8.837985e-01	0.000000e+00	0.000000e+00	-4.678678e-01	7.191234e-03	0.000000e+00	0.000000e+00	-1.417245e+04	0.000000e+00	-6.399532e+04	1.030105e+02	0.000000e+00	0.000000e+00	0.000000e+00	-1.128840e-01	-5.579196e+01	0.000000e+00	0.000000e+00	-2.903767e-02
4.700000e+00	5.988985e+02	-8.817085e+02	0.000000e+00	3.060430e+03	3.957305e+03	0.000000e+00	0.000000e+00	0.000000e+00	-5.078561e-03	8.837391e-01	0.000000e+00	0.000000e+00	-4.679799e-01	7.283166e-03	0.000000e+00	0.000000e+00	-1.417265e+04	0.000000e+00	-6.422729e+04	1.044214e+02	0.000000e+00	0.000000e+00	0.000000e+00	-1.533867e-01	-5.580650e+01	0.000000e+00	0.000000e+00	-2.909801e-02
4.750000e+00	5.976506e+02	-8.803552e+02	0.000000e+00	3.090345e+03	3.913253e+03	0.000000e+00	0.000000e+00	0.000000e+00	-5.091228e-03	8.836796e-01	0.000000e+00	0.000000e+00	-4.680922e-01	7.358792e-03	0.000000e+00	0.000000e+00	-1.417285e+04	0.000000e+00	-6.445856e+04	1.056042e+02	0.000000e+00	0.000000e+00	0.000000e+00	-1.663617e-01	-5.582106e+01	0.000000e+00	0.000000e+00	-2.917059e-02
4.800000e+00	5.963987e+02	-8.789950e+02	0.000000e+00	3.120196e+03	3.869268e+03	0.000000e+00	0.000000e+00	0.000000e+00	-5.103854e-03	8.836200e-01	0.000000e+00	0.000000e+00	-4.682049e-01	7.415663e-03	0.000000e+00	0.000000e+00	-1.417304e+04	0.000000e+00	-6.468913e+04	1.065224e+02	0.000000e+00	0.000000e+00	0.000000e+00	-1.526454e-01	-5.583567e+01	0.000000e+00	0.000000e+00	-2.924293e-02
4.850000e+00	5.951428e+02	-8.776278e+02	0.000000e+00	3.149986e+03	3.825352e+03	0.000000e+00	0.000000e+00	0.000000e+00	-5.114632e-03	8.835602e-01	0.000000e+00	0.000000e+00	-4.683177e-01	7.457177e-03	0.000000e+00	0.000000e+00	-1.417324e+04	0.000000e+00	-6.491897e+04	1.072221e+02	0.000000e+00	0.000000e+00	0.000000e+00	-1.205333e-01	-5.585030e+01	0.000000e+00	0.000000e+00	-2.930468e-02
4.900000e+00	5.938829e+02	-8.762538e+02	0.000000e+00	3.179712e+03	3.781504e+03	0.000000e+00	0.000000e+00	0.000000e+00	-5.122582e-03	8.835002e-01	0.000000e+00	0.000000e+00	-4.684308e-01	7.490693e-03	0.000000e+00	0.000000e+00	-1.417343e+04	0.000000e+00	-6.514807e+04	1.078058e+02	0.000000e+00	0.000000e+00	0.000000e+00	-8.223433e-02	-5.586497e+01	0.000000e+00	0.000000e+00	-2.935023e-02
4.950000e+00	5.926191e+02	-8.748729e+02	0.000000e+00	3.209375e+03	3.737725e+03	0.000000e+00	0.000000e+00	0.000000e+00	-5.127692e-03	8.834402e-01	0.000000e+00	0.000000e+00	-4.685440e-01	7.524821e-03	0.000000e+00	0.000000e+00	-1.417363e+04	0.000000e+00	-6.537642e+04	1.083946e+02	0.000000e+00	0.000000e+00	0.000000e+00	-4.976683e-02	-5.587965e+01	0.000000e+00	0.000000e+00	-2.937951e-02
5.000000e+00	5.913514e+02	-8.734851e+02	0.000000e+00	3.238975e+03	3.694016e+03	0.000000e+00	0.000000e+00	0.000000e+00	-5.130774e-03	8.833801e-01	0.000000e+00	0.000000e+00	-4.686573e-01	7.566784e-03	0.000000e+00	0.000000e+00	-1.417382e+04	0.000000e+00	-6.560398e+04	1.090906e+02	0.000000e+00	0.000000e+00	0.000000e+00	-3.156379e-02	-5.589434e+01	0.000000e+00	0.000000e+00	-2.939717e-02
5.050000e+00	5.900797e+02	-8.720905e+02	0.000000e+00	3.268511e+03	3.650376e+03	0.000000e+00	0.000000e+00	0.000000e+00	-5.133094e-03	8.833200e-01	0.000000e+00	0.000000e+00	-4.687706e-01	7.620599e-03	0.000000e+00	0.000000e+00	-1.417401e+04	0.000000e+00	-6.583076e+04	1.099514e+02	0.000000e+00	0.000000e+00	0.000000e+00	-3.064826e-02	-5.590905e+01	0.000000e+00	0.000000e+00	-2.941046e-02
5.100000e+00	5.888042e+02	-8.706890e+02	0.000000e+00	3.297984e+03	3.606805e+03	0.000000e+00	0.000000e+00	0.000000e+00	-5.135944e-03	8.832598e-01	0.000000e+00	0.000000e+00	-4.688840e-01	7.686464e-03	0.000000e+00	0.000000e+00	-1.417421e+04	0.000000e+00	-6.605672e+04	1.109809e+02	0.000000e+00	0.000000e+00	0.000000e+00	-4.465005e-02	-5.592375e+01	0.000000e+00	0.000000e+00	-2.942679e-02
5.150000e+00	5.875249e+02	-8.692808e+02	0.000000e+00	3.327393e+03	3.563305e+03	0.000000e+00	0.000000e+00	0.000000e+00	-5.140270e-03	8.831995e-01	0.000000e+00	0.000000e+00	-4.689974e-01	7.761325e-03	0.000000e+00	0.000000e+00	-1.417440e+04	0.000000e+00	-6.628186e+04	1.121365e+02	0.000000e+00	0.000000e+00	0.000000e+00	-6.736014e-02	-5.593847e+01	0.000000e+00	0.000000e+00	-2.945158e-02
5.200000e+00	5.862417e+02	-8.678657e+02	0.000000e+00	3.356738e+03	3.519876e+03	0.000000e+00	0.000000e+00	0.000000e+00	-5.146459e-03	8.831392e-01	0.000000e+00	0.000000e+00	-4.691110e-01	7.840274e-03	0.000000e+00	0.000000e+00	-1.417460e+04	0.000000e+00	-6.650615e+04	1.133492e+02	0.000000e+00	0.000000e+00	0.000000e+00	-9.112662e-02	-5.595321e+01	0.000000e+00	0.000000e+00	-2.948704e-02
5.250000e+00	5.849546e+02	-8.664439e+02	0.000000e+00	3.386019e+03	3.476518e+03	0.000000e+00	0.000000e+00	0.000000e+00	-5.154327e-03	8.830788e-01	0.000000e+00	0.000000e+00	-4.692247e-01	7.918241e-03	0.000000e+00	0.000000e+00	-1.417479e+04	0.000000e+00	-6.672958e+04	1.145469e+02	0.000000e+00	0.000000e+00	0.000000e+00	-1.092675e-01	-5.596796e+01	0.000000e+00	0.000000e+00	-2.953212e-02
5.300000e+00	5.836638e+02	-8.650154e+02	0.000000e+00	3.415235e+03	3.433230e+03	0.000000e+00	0.000000e+00	0.000000e+00	-5.163259e-03	8.830183e-01	0.000000e+00	0.000000e+00	-4.693386e-01	7.991451e-03	0.000000e+00	0.000000e+00	-1.417498e+04	0.000000e+00	-6.695212e+04	1.156759e+02	0.000000e+00	0.000000e+00	0.000000e+00	-1.178067e-01	-5.598274e+01	0.000000e+00	0.000000e+00	-2.958329e-02
5.350000e+00	5.823693e+02	-8.635801e+02	0.000000e+00	3.444386e+03	3.390015e+03	0.000000e+00	0.000000e+00	0.000000e+00	-5.172460e-03	8.829577e-01	0.000000e+00	0.000000e+00	-4.694527e-01	8.058276e-03	0.000000e+00	0.000000e+00	-1.417517e+04	0.000000e+00	-6.717378e+04	1.167122e+02	0.000000e+00	0.000000e+00	0.000000e+00	-1.161498e-01	-5.599755e+01	0.000000e+00	0.000000e+00	-2.963601e-02
5.400000e+00	5.810709e+02	-8.621381e+02	0.000000e+00	3.473473e+03	3.346871e+03	0.000000e+00	0.000000e+00	0.000000e+00	-5.181211e-03	8.828969e-01	0.000000e+00	0.000000e+00	-4.695669e-01	8.119331e-03	0.000000e+00	0.000000e+00	-1.417536e+04	0.000000e+00	-6.739451e+04	1.176640e+02	0.000000e+00	0.000000e+00	0.000000e+00	-1.066828e-01	-5.601238e+01	0.000000e+00	0.000000e+00	-2.968615e-02
5.450000e+00	5.797689e+02	-8.606895e+02	0.000000e+00	3.502494e+03	3.303800e+03	0.000000e+00	0.000000e+00	0.000000e+00	-5.189052e-03	8.828360e-01	0.000000e+00	0.000000e+00	-4.696814e-01	8.176927e-03	0.000000e+00	0.000000e+00	-1.417556e+04	0.000000e+00	-6.761432e+04	1.185637e+02	0.000000e+00	0.000000e+00	0.000000e+00	-9.359154e-02	-5.602723e+01	0.000000e+00	0.000000e+00	-2.973108e-02
5.500000e+00	5.784631e+02	-8.592342e+02	0.000000e+00	3.531451e+03	3.260801e+03	0.000000e+00	0.000000e+00	0.000000e+00	-5.195878e-03	8.827750e-01	0.000000e+00	0.000000e+00	-4.697960e-01	8.234134e-03	0.000000e+00	0.000000e+00	-1.417575e+04	0.000000e+00	-6.783318e+04	1.194548e+02	0.000000e+00	0.000000e+00	0.000000e+00	-8.136969e-02	-5.604211e+01	0.000000e+00	0.000000e+00	-2.977019e-02
5.550000e+00	5.771536e+02	-8.577723e+02	0.000000e+00	3.560342e+03	3.217875e+03	0.000000e+00	0.000000e+00	0.000000e+00	-5.201897e-03	8.827140e-01	0.000000e+00	0.000000e+00	-4.699107e-01	8.293787e-03	0.000000e+00	0.000000e+00	-1.417594e+04	0.000000e+00	-6.805107e+04	1.203775e+02	0.000000e+00	0.000000e+00	0.000000e+00	-7.349511e-02	-5.605700e+01	0.000000e+00	0.000000e+00	-2.980467e-02
5.600000e+00	5.758405e+02	-8.563038e+02	0.000000e+00	3.589168e+03	3.175022e+03	0.000000e+00	0.000000e+00	0.000000e+00	-5.207527e-03	8.826528e-01	0.000000e+00	0.000000e+00	-4.700256e-01	8.357740e-03	0.000000e+00	0.000000e+00	-1.417613e+04	0.000000e+00	-6.826797e+04	1.213586e+02	0.000000e+00	0.000000e+00	0.000000e+00	-7.162212e-02	-5.607191e+01	0.000000e+00	0.000000e+00	-2.983693e-02
5.650000e+00	5.745237e+02	-8.548288e+02	0.000000e+00	3.617927e+03	3.132243e+03	0.000000e+00	0.000000e+00	0.000000e+00	-5.213236e-03	8.825916e-01	0.000000e+00	0.000000e+00	-4.701405e-01	8.426512e-03	0.000000e+00	0.000000e+00	-1.417632e+04	0.000000e+00	-6.848388e+04	1.224054e+02	0.000000e+00	0.000000e+00	0.000000e+00	-7.543090e-02	-5.608684e+01	0.000000e+00	0.000000e+00	-2.986964e-02
5.700000e+00	5.732033e+02	-8.533472e+02	0.000000e+00	3.646621e+03	3.089538e+03	0.000000e+00	0.000000e+00	0.000000e+00	-5.219404e-03	8.825303e-01	0.000000e+00	0.000000e+00	-4.702556e-01	8.499375e-03	0.000000e+00	0.000000e+00	-1.417651e+04	0.000000e+00	-6.869876e+04	1.235080e+02	0.000000e+00	0.000000e+00	0.000000e+00	-8.306243e-02	-5.610178e+01	0.000000e+00	0.000000e+00	-2.990498e-02
5.750000e+00	5.718794e+02	-8.518591e+02	0.000000e+00	3.675249e+03	3.046907e+03	0.000000e+00	0.000000e+00	0.000000e+00	-5.226233e-03	8.824689e-01	0.000000e+00	0.000000e+00	-4.703708e-01	8.574781e-03	0.000000e+00	0.000000e+00	-1.417670e+04	0.000000e+00	-6.891261e+04	1.246443e+02	0.000000e+00	0.000000e+00	0.000000e+00	-9.191277e-02	-5.611674e+01	0.000000e+00	0.000000e+00	-2.994411e-02
5.800000e+00	5.705518e+02	-8.503645e+02	0.000000e+00	3.703810e+03	3.004351e+03	0.000000e+00	0.000000e+00	0.000000e+00	-5.233719e-03	8.824074e-01	0.000000e+00	0.000000e+00	-4.704862e-01	8.650940e-03	0.000000e+00	0.000000e+00	-1.417689e+04	0.000000e+00	-6.912541e+04	1.257886e+02	0.000000e+00	0.000000e+00	0.000000e+00	-9.949783e-02	-5.613172e+01	0.000000e+00	0.000000e+00	-2.998700e-02
5.850000e+00	5.692207e+02	-8.488634e+02	0.000000e+00	3.732305e+03	2.961869e+03	0.000000e+00	0.000000e+00	0.000000e+00	-5.241692e-03	8.823458e-01	0.000000e+00	0.000000e+00	-4.706018e-01	8.726361e-03	0.000000e+00	0.000000e+00	-1.417708e+04	0.000000e+00	-6.933713e+04	1.269194e+02	0.000000e+00	0.000000e+00	0.000000e+00	-1.041309e-01	-5.614673e+01	0.000000e+00	0.000000e+00	-3.003268e-02
5.900000e+00	5.678862e+02	-8.473559e+02	0.000000e+00	3.760734e+03	2.919463e+03	0.000000e+00	0.000000e+00	0.000000e+00	-5.249893e-03	8.822840e-01	0.000000e+00	0.000000e+00	-4.707175e-01	8.800221e-03	0.000000e+00	0.000000e+00	-1.417727e+04	0.000000e+00	-6.954777e+04	1.280249e+02	0.000000e+00	0.000000e+00	0.000000e+00	-1.052538e-01	-5.616176e+01	0.000000e+00	0.000000e+00	-3.007967e-02
5.950000e+00	5.665481e+02	-8.458420e+02	0.000000e+00	3.789095e+03	2.877132e+03	0.000000e+00	0.000000e+00	0.000000e+00	-5.258060e-03	8.822222e-01	0.000000e+00	0.000000e+00	-4.708333e-01	8.872474e-03	0.000000e+00	0.000000e+00	-1.417745e+04	0.000000e+00	-6.975729e+04	1.291041e+02	0.000000e+00	0.000000e+00	0.000000e+00	-1.033911e-01	-5.617681e+01	0.000000e+00	0.000000e+00	-3.012647e-02
6.000000e+00	5.652065e+02	-8.443217e+02	0.000000e+00	3.817390e+03	2.834877e+03	0.000000e+00	0.000000e+00	0.000000e+00	-5.266007e-03	8.821603e-01	0.000000e+00	0.000000e+00	-4.709494e-01	8.943727e-03	0.000000e+00	0.000000e+00	-1.417764e+04	0.000000e+00	-6.996570e+04	1.301654e+02	0.000000e+00	0.000000e+00	0.000000e+00	-9.980690e-02	-5.619188e+01	0.000000e+00	0.000000e+00	-3.017200e-02
6.050000e+00	5.638615e+02	-8.427951e+02	0.000000e+00	3.845617e+03	2.792699e+03	0.000000e+00	0.000000e+00	0.000000e+00	-5.273656e-03	8.820982e-01	0.000000e+00	0.000000e+00	-4.710656e-01	9.014952e-03	0.000000e+00	0.000000e+00	-1.417783e+04	0.000000e+00	-7.017297e+04	1.312226e+02	0.000000e+00	0.000000e+00	0.000000e+00	-9.601627e-02	-5.620698e+01	0.000000e+00	0.000000e+00	-3.021582e-02
6.100000e+00	5.625131e+02	-8.412622e+02	0.000000e+00	3.873777e+03	2.750596e+03	0.000000e+00	0.000000e+00	0.000000e+00	-5.281043e-03	8.820360e-01	0.000000e+00	0.000000e+00	-4.711820e-01	9.087158e-03	0.000000e+00	0.000000e+00	-1.417802e+04	0.000000e+00	-7.037908e+04	1.322900e+02	0.000000e+00	0.000000e+00	0.000000e+00	-9.331565e-02	-5.622210e+01	0.000000e+00	0.000000e+00	-3.025815e-02
6.150000e+00	5.611613e+02	-8.397229e+02	0.000000e+00	3.901870e+03	2.708571e+03	0.000000e+00	0.000000e+00	0.000000e+00	-5.288288e-03	8.819738e-01	0.000000e+00	0.000000e+00	-4.712985e-01	9.161098e-03	0.000000e+00	0.000000e+00	-1.417820e+04	0.000000e+00	-7.058401e+04	1.333784e+02	0.000000e+00	0.000000e+00	0.000000e+00	-9.246066e-02	-5.623724e+01	0.000000e+00	0.000000e+00	-3.029966e-02
6.200000e+00	5.598062e+02	-8.381775e+02	0.000000e+00	3.929895e+03	2.666623e+03	0.000000e+00	0.000000e+00	0.000000e+00	-5.295541e-03	8.819114e-01	0.000000e+00	0.000000e+00	-4.714152e-01	9.237116e-03	0.000000e+00	0.000000e+00	-1.417839e+04	0.000000e+00	-7.078775e+04	1.344927e+02	0.000000e+00	0.000000e+00	0.000000e+00	-9.355529e-02	-5.625240e+01	0.000000e+00	0.000000e+00	-3.034122e-02
6.250000e+00	5.584477e+02	-8.366258e+02	0.000000e+00	3.957852e+03	2.624752e+03	0.000000e+00	0.000000e+00	0.000000e+00	-5.302942e-03	8.818490e-01	0.000000e+00	0.000000e+00	-4.715320e-01	9.315126e-03	0.000000e+00	0.000000e+00	-1.417858e+04	0.000000e+00	-7.099028e+04	1.356316e+02	0.000000e+00	0.000000e+00	0.000000e+00	-9.614412e-02	-5.626758e+01	0.000000e+00	0.000000e+00	-3.038362e-02
6.300000e+00	5.570859e+02	-8.350679e+02	0.000000e+00	3.985741e+03	2.582959e+03	0.000000e+00	0.000000e+00	0.000000e+00	-5.310578e-03	8.817864e-01	0.000000e+00	0.000000e+00	-4.716490e-01	9.394716e-03	0.000000e+00	0.000000e+00	-1.417876e+04	0.000000e+00	-7.119159e+04	1.367891e+02	0.000000e+00	0.000000e+00	0.000000e+00	-9.944378e-02	-5.628278e+01	0.000000e+00	0.000000e+00	-3.042737e-02
6.350000e+00	5.557208e+02	-8.335039e+02	0.000000e+00	4.013562e+03	2.541243e+03	0.000000e+00	0.000000e+00	0.000000e+00	-5.318472e-03	8.817237e-01	0.000000e+00	0.000000e+00	-4.717662e-01	9.475330e-03	0.000000e+00	0.000000e+00	-1.417895e+04	0.000000e+00	-7.139165e+04	1.379573e+02	0.000000e+00	0.000000e+00	0.000000e+00	-1.026225e-01	-5.629800e+01	0.000000e+00	0.000000e+00	-3.047260e-02
6.400000e+00	5.543525e+02	-8.319337e+02	0.000000e+00	4.041314e+03	2.499607e+03	0.000000e+00	0.000000e+00	0.000000e+00	-5.326588e-03	8.816609e-01	0.000000e+00	0.000000e+00	-4.718835e-01	9.556443e-03	0.000000e+00	0.000000e+00	-1.417913e+04	0.000000e+00	-7.159046e+04	1.391284e+02	0.000000e+00	0.000000e+00	0.000000e+00	-1.050403e-01	-5.631325e+01	0.000000e+00	0.000000e+00	-3.051910e-02
6.450000e+00	5.529809e+02	-8.303575e+02	0.000000e+00	4.068998e+03	2.458049e+03	0.000000e+00	0.000000e+00	0.000000e+00	-5.334853e-03	8.815981e-01	0.000000e+00	0.000000e+00	-4.720010e-01	9.637708e-03	0.000000e+00	0.000000e+00	-1.417932e+04	0.000000e+00	-7.178799e+04	1.402973e+02	0.000000e+00	0.000000e+00	0.000000e+00	-1.063899e-01	-5.632852e+01	0.000000e+00	0.000000e+00	-3.056646e-02
6.500000e+00	5.516062e+02	-8.287752e+02	0.000000e+00	4.096614e+03	2.416569e+03	0.000000e+00	0.000000e+00	0.000000e+00	-5.343183e-03	8.815350e-01	0.000000e+00	0.000000e+00	-4.721186e-01	9.719016e-03	0.000000e+00	0.000000e+00	-1.417950e+04	0.000000e+00	-7.198422e+04	1.414624e+02	0.000000e+00	0.000000e+00	0.000000e+00	-1.067185e-01	-5.634382e+01	0.000000e+00	0.000000e+00	-3.061419e-02
6.550000e+00	5.502283e+02	-8.271869e+02	0.000000e+00	4.124160e+03	2.375170e+03	0.000000e+00	0.000000e+00	0.000000e+00	-5.351510e-03	8.814719e-01	0.000000e+00	0.000000e+00	-4.722365e-01	9.800481e-03	0.000000e+00	0.000000e+00	-1.417969e+04	0.000000e+00	-7.217914e+04	1.426250e+02	0.000000e+00	0.000000e+00	0.000000e+00	-1.063462e-01	-5.635914e+01	0.000000e+00	0.000000e+00	-3.066189e-02
6.600000e+00	5.488473e+02	-8.255926e+02	0.000000e+00	4.151638e+03	2.333849e+03	0.000000e+00	0.000000e+00	0.000000e+00	-5.359794e-03	8.814087e-01	0.000000e+00	0.000000e+00	-4.723545e-01	9.882372e-03	0.000000e+00	0.000000e+00	-1.417987e+04	0.000000e+00	-7.237274e+04	1.437890e+02	0.000000e+00	0.000000e+00	0.000000e+00	-1.057250e-01	-5.637448e+01	0.000000e+00	0.000000e+00	-3.070936e-02
6.650000e+00	5.474632e+02	-8.239924e+02	0.000000e+00	4.179046e+03	2.292609e+03	0.000000e+00	0.000000e+00	0.000000e+00	-5.368035e-03	8.813453e-01	0.000000e+00	0.000000e+00	-4.724727e-01	9.965009e-03	0.000000e+00	0.000000e+00	-1.418005e+04	0.000000e+00	-7.256500e+04	1.449589e+02	0.000000e+00	0.000000e+00	0.000000e+00	-1.052888e-01	-5.638985e+01	0.000000e+00	0.000000e+00	-3.075657e-02
6.700000e+00	5.460760e+02	-8.223862e+02	0.000000e+00	4.206385e+03	2.251449e+03	0.000000e+00	0.000000e+00	0.000000e+00	-5.376259e-03	8.812819e-01	0.000000e+00	0.000000e+00	-4.725910e-01	1.004867e-02	0.000000e+00	0.000000e+00	-1.418024e+04	0.000000e+00	-7.275589e+04	1.461383e+02	0.000000e+00	0.000000e+00	0.000000e+00	-1.053368e-01	-5.640524e+01	0.000000e+00	0.000000e+00	-3.080369e-02
6.750000e+00	5.446857e+02	-8.207742e+02	0.000000e+00	4.233655e+03	2.210369e+03	0.000000e+00	0.000000e+00	0.000000e+00	-5.384509e-03	8.812183e-01	0.000000e+00	0.000000e+00	-4.727096e-01	1.013351e-02	0.000000e+00	0.000000e+00	-1.418042e+04	0.000000e+00	-7.294542e+04	1.473297e+02	0.000000e+00	0.000000e+00	0.000000e+00	-1.059783e-01	-5.642065e+01	0.000000e+00	0.000000e+00	-3.085096e-02
6.800000e+00	5.432924e+02	-8.191564e+02	0.000000e+00	4.260855e+03	2.169370e+03	0.000000e+00	0.000000e+00	0.000000e+00	-5.392830e-03	8.811546e-01	0.000000e+00	0.000000e+00	-4.728283e-01	1.021958e-02	0.000000e+00	0.000000e+00	-1.418060e+04	0.000000e+00	-7.313355e+04	1.485334e+02	0.000000e+00	0.000000e+00	0.000000e+00	-1.071395e-01	-5.643609e+01	0.000000e+00	0.000000e+00	-3.089864e-02
6.850000e+00	5.418962e+02	-8.175327e+02	0.000000e+00	4.287986e+03	2.128452e+03	0.000000e+00	0.000000e+00	0.000000e+00	-5.401256e-03	8.810908e-01	0.000000e+00	0.000000e+00	-4.729472e-01	1.030680e-02	0.000000e+00	0.000000e+00	-1.418079e+04	0.000000e+00	-7.332027e+04	1.497482e+02	0.000000e+00	0.000000e+00	0.000000e+00	-1.086209e-01	-5.645155e+01	0.000000e+00	0.000000e+00	-3.094692e-02
6.900000e+00	5.404970e+02	-8.159033e+02	0.000000e+00	4.315046e+03	2.087615e+03	0.000000e+00	0.000000e+00	0.000000e+00	-5.409802e-03	8.810269e-01	0.000000e+00	0.000000e+00	-4.730662e-01	1.039502e-02	0.000000e+00	0.000000e+00	-1.418097e+04	0.000000e+00	-7.350557e+04	1.509719e+02	0.000000e+00	0.000000e+00	0.000000e+00	-1.101762e-01	-5.646703e+01	0.000000e+00	0.000000e+00	-3.099588e-02
6.950000e+00	5.390949e+02	-8.142682e+02	0.000000e+00	4.342037e+03	2.046860e+03	0.000000e+00	0.000000e+00	0.000000e+00	-5.418465e-03	8.809629e-01	0.000000e+00	0.000000e+00	-4.731855e-01	1.048408e-02	0.000000e+00	0.000000e+00	-1.418115e+04	0.000000e+00	-7.368943e+04	1.522021e+02	0.000000e+00	0.000000e+00	0.000000e+00	-1.115895e-01	-5.648254e+01	0.000000e+00	0.000000e+00	-3.104552e-02
7.000000e+00	5.376899e+02	-8.126274e+02	0.000000e+00	4.368957e+03	2.006186e+03	0.000000e+00	0.000000e+00	0.000000e+00	-5.427228e-03	8.808987e-01	0.000000e+00	0.000000e+00	-4.733049e-01	1.057386e-02	0.000000e+00	0.000000e+00	-1.418133e+04	0.000000e+00	-7.387184e+04	1.534370e+02	0.000000e+00	0.000000e+00	0.000000e+00	-1.127280e-01	-5.649808e+01	0.000000e+00	0.000000e+00	-3.109573e-02
7.050000e+00	5.362820e+02	-8.109809e+02	0.000000e+00	4.395807e+03	1.965595e+03	0.000000e+00	0.000000e+00	0.000000e+00	-5.436069e-03	8.808344e-01	0.000000e+00	0.000000e+00	-4.734245e-01	1.066430e-02	0.000000e+00	0.000000e+00	-1.418151e+04	0.000000e+00	-7.405278e+04	1.546755e+02	0.000000e+00	0.000000e+00	0.000000e+00	-1.135613e-01	-5.651364e+01	0.000000e+00	0.000000e+00	-3.114638e-02
7.100000e+00	5.348714e+02	-8.093289e+02	0.000000e+00	4.422587e+03	1.925087e+03	0.000000e+00	0.000000e+00	0.000000e+00	-5.444965e-03	8.807700e-01	0.000000e+00	0.000000e+00	-4.735443e-01	1.075541e-02	0.000000e+00	0.000000e+00	-1.418169e+04	0.000000e+00	-7.423224e+04	1.559175e+02	0.000000e+00	0.000000e+00	0.000000e+00	-1.141488e-01	-5.652922e+01	0.000000e+00	0.000000e+00	-3.119735e-02
7.150000e+00	5.334579e+02	-8.076713e+02	0.000000e+00	4.449296e+03	1.884661e+03	0.000000e+00	0.000000e+00	0.000000e+00	-5.453900e-03	8.807055e-01	0.000000e+00	0.000000e+00	-4.736643e-01	1.084725e-02	0.000000e+00	0.000000e+00	-1.418187e+04	0.000000e+00	-7.441019e+04	1.571639e+02	0.000000e+00	0.000000e+00	0.000000e+00	-1.146055e-01	-5.654483e+01	0.000000e+00	0.000000e+00	-3.124855e-02
7.200000e+00	5.320417e+02	-8.060082e+02	0.000000e+00	4.475934e+03	1.844318e+03	0.000000e+00	0.000000e+00	0.000000e+00	-5.462871e-03	8.806409e-01	0.000000e+00	0.000000e+00	-4.737845e-01	1.093991e-02	0.000000e+00	0.000000e+00	-1.418205e+04	0.000000e+00	-7.458664e+04	1.584158e+02	0.000000e+00	0.000000e+00	0.000000e+00	-1.150588e-01	-5.656047e+01	0.000000e+00	0.000000e+00	-3.129994e-02
7.250000e+00	5.306227e+02	-8.043395e+02	0.000000e+00	4.502501e+03	1.804059e+03	0.000000e+00	0.000000e+00	0.000000e+00	-5.471880e-03	8.805761e-01	0.000000e+00	0.000000e+00	-4.739048e-01	1.103348e-02	0.000000e+00	0.000000e+00	-1.418223e+04	0.000000e+00	-7.476155e+04	1.596744e+02	0.000000e+00	0.000000e+00	0.000000e+00	-1.156120e-01	-5.657613e+01	0.000000e+00	0.000000e+00	-3.135156e-02
7.300000e+00	5.292011e+02	-8.026655e+02	0.000000e+00	4.528997e+03	1.763883e+03	0.000000e+00	0.000000e+00	0.000000e+00	-5.480938e-03	8.805112e-01	0.000000e+00	0.000000e+00	-4.740254e-01	1.112803e-02	0.000000e+00	0.000000e+00	-1.418241e+04	0.000000e+00	-7.493492e+04	1.609404e+02	0.000000e+00	0.000000e+00	0.000000e+00	-1.163212e-01	-5.659182e+01	0.000000e+00	0.000000e+00	-3.140346e-02
7.350000e+00	5.277768e+02	-8.009861e+02	0.000000e+00	4.555423e+03	1.723790e+03	0.000000e+00	0.000000e+00	0.000000e+00	-5.490058e-03	8.804462e-01	0.000000e+00	0.000000e+00	-4.741461e-01	1.122359e-02	0.000000e+00	0.000000e+00	-1.418259e+04	0.000000e+00	-7.510674e+04	1.622144e+02	0.000000e+00	0.000000e+00	0.000000e+00	-1.171898e-01	-5.660754e+01	0.000000e+00	0.000000e+00	-3.145572e-02
7.400000e+00	5.263499e+02	-7.993013e+02	0.000000e+00	4.581777e+03	1.683782e+03	0.000000e+00	0.000000e+00	0.000000e+00	-5.499251e-03	8.803811e-01	0.000000e+00	0.000000e+00	-4.742671e-01	1.132018e-02	0.000000e+00	0.000000e+00	-1.418276e+04	0.000000e+00	-7.527698e+04	1.634961e+02	0.000000e+00	0.000000e+00	0.000000e+00	-1.181792e-01	-5.662328e+01	0.000000e+00	0.000000e+00	-3.150839e-02
7.450000e+00	5.249203e+02	-7.976112e+02	0.000000e+00	4.608059e+03	1.643859e+03	0.000000e+00	0.000000e+00	0.000000e+00	-5.508524e-03	8.803158e-01	0.000000e+00	0.000000e+00	-4.743882e-01	1.141775e-02	0.000000e+00	0.000000e+00	-1.418294e+04	0.000000e+00	-7.544564e+04	1.647850e+02	0.000000e+00	0.000000e+00	0.000000e+00	-1.192273e-01	-5.663904e+01	0.000000e+00	0.000000e+00	-3.156152e-02
7.500000e+00	5.234883e+02	-7.959158e+02	0.000000e+00	4.634270e+03	1.604020e+03	0.000000e+00	0.000000e+00	0.000000e+00	-5.517879e-03	8.802504e-01	0.000000e+00	0.000000e+00	-4.745095e-01	1.151628e-02	0.000000e+00	0.000000e+00	-1.418312e+04	0.000000e+00	-7.561270e+04	1.660806e+02	0.000000e+00	0.000000e+00	0.000000e+00	-1.202707e-01	-5.665484e+01	0.000000e+00	0.000000e+00	-3.161512e-02
7.550000e+00	5.220537e+02	-7.942152e+02	0.000000e+00	4.660409e+03	1.564265e+03	0.000000e+00	0.000000e+00	0.000000e+00	-5.527313e-03	8.801849e-01	0.000000e+00	0.000000e+00	-4.746311e-01	1.161574e-02	0.000000e+00	0.000000e+00	-1.418330e+04	0.000000e+00	-7.577815e+04	1.673822e+02	0.000000e+00	0.000000e+00	0.000000e+00	-1.212618e-01	-5.667066e+01	0.000000e+00	0.000000e+00	-3.166917e-02
7.600000e+00	5.206166e+02	-7.925095e+02	0.000000e+00	4.686477e+03	1.524596e+03	0.000000e+00	0.000000e+00	0.000000e+00	-5.536822e-03	8.801192e-01	0.000000e+00	0.000000e+00	-4.747528e-01	1.171610e-02	0.000000e+00	0.000000e+00	-1.418347e+04	0.000000e+00	-7.594198e+04	1.686892e+02	0.000000e+00	0.000000e+00	0.000000e+00	-1.221779e-01	-5.668651e+01	0.000000e+00	0.000000e+00	-3.172365e-02
7.650000e+00	5.191771e+02	-7.907986e+02	0.000000e+00	4.712472e+03	1.485013e+03	0.000000e+00	0.000000e+00	0.000000e+00	-5.546400e-03	8.800534e-01	0.000000e+00	0.000000e+00	-4.748747e-01	1.181735e-02	0.000000e+00	0.000000e+00	-1.418365e+04	0.000000e+00	-7.610417e+04	1.700017e+02	0.000000e+00	0.000000e+00	0.000000e+00	-1.230225e-01	-5.670238e+01	0.000000e+00	0.000000e+00	-3.177853e-02
7.700000e+00	5.177351e+02	-7.890826e+02	0.000000e+00	4.738396e+03	1.445515e+03	0.000000e+00	0.000000e+00	0.000000e+00	-5.556042e-03	8.799875e-01	0.000000e+00	0.000000e+00	-4.749968e-01	1.191952e-02	0.000000e+00	0.000000e+00	-1.418382e+04	0.000000e+00	-7.626471e+04	1.713195e+02	0.000000e+00	0.000000e+00	0.000000e+00	-1.238180e-01	-5.671829e+01	0.000000e+00	0.000000e+00	-3.183378e-02
7.750000e+00	5.162908e+02	-7.873616e+02	0.000000e+00	4.764247e+03	1.406103e+03	0.000000e+00	0.000000e+00	0.000000e+00	-5.565745e-03	8.799215e-01	0.000000e+00	0.000000e+00	-4.751192e-01	1.202264e-02	0.000000e+00	0.000000e+00	-1.418400e+04	0.000000e+00	-7.642359e+04	1.726429e+02	0.000000e+00	0.000000e+00	0.000000e+00	-1.245961e-01	-5.673422e+01	0.000000e+00	0.000000e+00	-3.188937e-02
7.800000e+00	5.148441e+02	-7.856356e+02	0.000000e+00	4.790026e+03	1.366777e+03	0.000000e+00	0.000000e+00	0.000000e+00	-5.575509e-03	8.798553e-01	0.000000e+00	0.000000e+00	-4.752417e-01	1.212672e-02	0.000000e+00	0.000000e+00	-1.418418e+04	0.000000e+00	-7.658079e+04	1.739722e+02	0.000000e+00	0.000000e+00	0.000000e+00	-1.253874e-01	-5.675017e+01	0.000000e+00	0.000000e+00	-3.194531e-02
7.850000e+00	5.133951e+02	-7.839046e+02	0.000000e+00	4.815733e+03	1.327538e+03	0.000000e+00	0.000000e+00	0.000000e+00	-5.585336e-03	8.797890e-01	0.000000e+00	0.000000e+00	-4.753644e-01	1.223180e-02	0.000000e+00	0.000000e+00	-1.418435e+04	0.000000e+00	-7.673632e+04	1.753076e+02	0.000000e+00	0.000000e+00	0.000000e+00	-1.262132e-01	-5.676616e+01	0.000000e+00	0.000000e+00	-3.200162e-02
7.900000e+00	5.119439e+02	-7.821688e+02	0.000000e+00	4.841367e+03	1.288385e+03	0.000000e+00	0.000000e+00	0.000000e+00	-5.595230e-03	8.797226e-01	0.000000e+00	0.000000e+00	-4.754874e-01	1.233790e-02	0.000000e+00	0.000000e+00	-1.418452e+04	0.000000e+00	-7.689014e+04	1.766492e+02	0.000000e+00	0.000000e+00	0.000000e+00	-1.270822e-01	-5.678218e+01	0.000000e+00	0.000000e+00	-3.205831e-02
7.950000e+00	5.104904e+02	-7.804281e+02	0.000000e+00	4.866929e+03	1.249319e+03	0.000000e+00	0.000000e+00	0.000000e+00	-5.605193e-03	8.796560e-01	0.000000e+00	0.000000e+00	-4.756105e-01	1.244503e-02	0.000000e+00	0.000000e+00	-1.418470e+04	0.000000e+00	-7.704226e+04	1.779972e+02	0.000000e+00	0.000000e+00	0.000000e+00	-1.279909e-01	-5.679822e+01	0.000000e+00	0.000000e+00	-3.211539e-02
8.000000e+00	5.090347e+02	-7.786826e+02	0.000000e+00	4.892418e+03	1.210341e+03	0.000000e+00	0.000000e+00	0.000000e+00	-5.615228e-03	8.795893e-01	0.000000e+00	0.000000e+00	-4.757339e-01	1.255319e-02	0.000000e+00	0.000000e+00	-1.418487e+04	0.000000e+00	-7.719267e+04	1.793512e+02	0.000000e+00	0.000000e+00	0.000000e+00	-1.289273e-01	-5.681429e+01	0.000000e+00	0.000000e+00	-3.217288e-02
8.050000e+00	5.075768e+02	-7.769323e+02	0.000000e+00	4.917834e+03	1.171449e+03	0.000000e+00	0.000000e+00	0.000000e+00	-5.625336e-03	8.795224e-01	0.000000e+00	0.000000e+00	-4.758575e-01	1.266239e-02	0.000000e+00	0.000000e+00	-1.418505e+04	0.000000e+00	-7.734134e+04	1.807113e+02	0.000000e+00	0.000000e+00	0.000000e+00	-1.298757e-01	-5.683039e+01	0.000000e+00	0.000000e+00	-3.223080e-02
8.100000e+00	5.061169e+02	-7.751773e+02	0.000000e+00	4.943177e+03	1.132646e+03	0.000000e+00	0.000000e+00	0.000000e+00	-5.635519e-03	8.794554e-01	0.000000e+00	0.000000e+00	-4.759813e-01	1.277263e-02	0.000000e+00	0.000000e+00	-1.418522e+04	0.000000e+00	-7.748828e+04	1.820772e+02	0.000000e+00	0.000000e+00	0.000000e+00	-1.308220e-01	-5.684652e+01	0.000000e+00	0.000000e+00	-3.228915e-02
8.150000e+00	5.046548e+02	-7.734176e+02	0.000000e+00	4.968447e+03	1.093930e+03	0.000000e+00	0.000000e+00	0.000000e+00	-5.645776e-03	8.793883e-01	0.000000e+00	0.000000e+00	-4.761053e-01	1.288390e-02	0.000000e+00	0.000000e+00	-1.418539e+04	0.000000e+00	-7.763348e+04	1.834487e+02	0.000000e+00	0.000000e+00	0.000000e+00	-1.317568e-01	-5.686268e+01	0.000000e+00	0.000000e+00	-3.234791e-02
8.200000e+00	5.031906e+02	-7.716534e+02	0.000000e+00	4.993644e+03	1.055302e+03	0.000000e+00	0.000000e+00	0.000000e+00	-5.656104e-03	8.793210e-01	0.000000e+00	0.000000e+00	-4.762295e-01	1.299620e-02	0.000000e+00	0.000000e+00	-1.418556e+04	0.000000e+00	-7.777692e+04	1.848257e+02	0.000000e+00	0.000000e+00	0.000000e+00	-1.326768e-01	-5.687887e+01	0.000000e+00	0.000000e+00	-3.240709e-02
8.250000e+00	5.017245e+02	-7.698845e+02	0.000000e+00	5.018767e+03	1.016763e+03	0.000000e+00	0.000000e+00	0.000000e+00	-5.666505e-03	8.792536e-01	0.000000e+00	0.000000e+00	-4.763540e-01	1.310955e-02	0.000000e+00	0.000000e+00	-1.418573e+04	0.000000e+00	-7.791859e+04	1.862081e+02	0.000000e+00	0.000000e+00	0.000000e+00	-1.335843e-01	-5.689509e+01	0.000000e+00	0.000000e+00	-3.246668e-02
8.300000e+00	5.002564e+02	-7.681112e+02	0.000000e+00	5.043818e+03	9.783121e+02	0.000000e+00	0.000000e+00	0.000000e+00	-5.676975e-03	8.791861e-01	0.000000e+00	0.000000e+00	-4.764786e-01	1.322395e-02	0.000000e+00	0.000000e+00	-1.418590e+04	0.000000e+00	-7.805849e+04	1.875959e+02	0.000000e+00	0.000000e+00	0.000000e+00	-1.344855e-01	-5.691133e+01	0.000000e+00	0.000000e+00	-3.252667e-02
8.350000e+00	4.987863e+02	-7.663333e+02	0.000000e+00	5.068794e+03	9.399501e+02	0.000000e+00	0.000000e+00	0.000000e+00	-5.687517e-03	8.791184e-01	0.000000e+00	0.000000e+00	-4.766035e-01	1.333942e-02	0.000000e+00	0.000000e+00	-1.418608e+04	0.000000e+00	-7.819661e+04	1.889892e+02	0.000000e+00	0.000000e+00	0.000000e+00	-1.353876e-01	-5.692761e+01	0.000000e+00	0.000000e+00	-3.258707e-02
8.400000e+00	4.973143e+02	-7.645511e+02	0.000000e+00	5.093698e+03	9.016770e+02	0.000000e+00	0.000000e+00	0.000000e+00	-5.698128e-03	8.790505e-01	0.000000e+00	0.000000e+00	-4.767286e-01	1.345598e-02	0.000000e+00	0.000000e+00	-1.418625e+04	0.000000e+00	-7.833295e+04	1.903879e+02	0.000000e+00	0.000000e+00	0.000000e+00	-1.362972e-01	-5.694392e+01	0.000000e+00	0.000000e+00	-3.264787e-02
8.450000e+00	4.958405e+02	-7.627645e+02	0.000000e+00	5.118527e+03	8.634932e+02	0.000000e+00	0.000000e+00	0.000000e+00	-5.708812e-03	8.789826e-01	0.000000e+00	0.000000e+00	-4.768540e-01	1.357363e-02	0.000000e+00	0.000000e+00	-1.418642e+04	0.000000e+00	-7.846749e+04	1.917921e+02	0.000000e+00	0.000000e+00	0.000000e+00	-1.372183e-01	-5.696026e+01	0.000000e+00	0.000000e+00	-3.270908e-02
8.500000e+00	4.943648e+02	-7.609736e+02	0.000000e+00	5.143283e+03	8.253989e+02	0.000000e+00	0.000000e+00	0.000000e+00	-5.719568e-03	8.789144e-01	0.000000e+00	0.000000e+00	-4.769795e-01	1.369239e-02	0.000000e+00	0.000000e+00	-1.418659e+04	0.000000e+00	-7.860023e+04	1.932017e+02	0.000000e+00	0.000000e+00	0.000000e+00	-1.381522e-01	-5.697663e+01	0.000000e+00	0.000000e+00	-3.277071e-02
8.550000e+00	4.928873e+02	-7.591784e+02	0.000000e+00	5.167965e+03	7.873942e+02	0.000000e+00	0.000000e+00	0.000000e+00	-5.730397e-03	8.788462e-01	0.000000e+00	0.000000e+00	-4.771053e-01	1.381227e-02	0.000000e+00	0.000000e+00	-1.418676e+04	0.000000e+00	-7.873117e+04	1.946168e+02	0.000000e+00	0.000000e+00	0.000000e+00	-1.390975e-01	-5.699303e+01	0.000000e+00	0.000000e+00	-3.283276e-02
8.600000e+00	4.914081e+02	-7.573790e+02	0.000000e+00	5.192573e+03	7.494793e+02	0.000000e+00	0.000000e+00	0.000000e+00	-5.741300e-03	8.787777e-01	0.000000e+00	0.000000e+00	-4.772313e-01	1.393328e-02	0.000000e+00	0.000000e+00	-1.418692e+04	0.000000e+00	-7.886029e+04	1.960371e+02	0.000000e+00	0.000000e+00	0.000000e+00	-1.400514e-01	-5.700946e+01	0.000000e+00	0.000000e+00	-3.289523e-02
8.650000e+00	4.899272e+02	-7.555754e+02	0.000000e+00	5.217107e+03	7.116545e+02	0.000000e+00	0.000000e+00	0.000000e+00	-5.752279e-03	8.787092e-01	0.000000e+00	0.000000e+00	-4.773576e-01	1.405543e-02	0.000000e+00	0.000000e+00	-1.418709e+04	0.000000e+00	-7.898759e+04	1.974628e+02	0.000000e+00	0.000000e+00	0.000000e+00	-1.410105e-01	-5.702592e+01	0.000000e+00	0.000000e+00	-3.295813e-02
8.700000e+00	4.884445e+02	-7.537677e+02	0.000000e+00	5.241567e+03	6.739200e+02	0.000000e+00	0.000000e+00	0.000000e+00	-5.763332e-03	8.786404e-01	0.000000e+00	0.000000e+00	-4.774841e-01	1.417871e-02	0.000000e+00	0.000000e+00	-1.418726e+04	0.000000e+00	-7.911308e+04	1.988936e+02	0.000000e+00	0.000000e+00	0.000000e+00	-1.419719e-01	-5.704242e+01	0.000000e+00	0.000000e+00	-3.302146e-02
8.750000e+00	4.869603e+02	-7.519559e+02	0.000000e+00	5.265953e+03	6.362760e+02	0.000000e+00	0.000000e+00	0.000000e+00	-5.774460e-03	8.785716e-01	0.000000e+00	0.000000e+00	-4.776108e-01	1.430315e-02	0.000000e+00	0.000000e+00	-1.418743e+04	0.000000e+00	-7.923674e+04	2.003296e+02	0.000000e+00	0.000000e+00	0.000000e+00	-1.429338e-01	-5.705895e+01	0.000000e+00	0.000000e+00	-3.308522e-02
8.800000e+00	4.854744e+02	-7.501401e+02	0.000000e+00	5.290265e+03	5.987227e+02	0.000000e+00	0.000000e+00	0.000000e+00	-5.785664e-03	8.785026e-01	0.000000e+00	0.000000e+00	-4.777377e-01	1.442875e-02	0.000000e+00	0.000000e+00	-1.418760e+04	0.000000e+00	-7.935856e+04	2.017705e+02	0.000000e+00	0.000000e+00	0.000000e+00	-1.438957e-01	-5.707550e+01	0.000000e+00	0.000000e+00	-3.314941e-02
8.850000e+00	4.839870e+02	-7.483204e+02	0.000000e+00	5.314502e+03	5.612603e+02	0.000000e+00	0.000000e+00	0.000000e+00	-5.796942e-03	8.784334e-01	0.000000e+00	0.000000e+00	-4.778649e-01	1.455553e-02	0.000000e+00	0.000000e+00	-1.418776e+04	0.000000e+00	-7.947856e+04	2.032165e+02	0.000000e+00	0.000000e+00	0.000000e+00	-1.448583e-01	-5.709209e+01	0.000000e+00	0.000000e+00	-3.321403e-02
8.900000e+00	4.824980e+02	-7.464967e+02	0.000000e+00	5.338665e+03	5.238889e+02	0.000000e+00	0.000000e+00	0.000000e+00	-5.808296e-03	8.783640e-01	0.000000e+00	0.000000e+00	-4.779923e-01	1.468348e-02	0.000000e+00	0.000000e+00	-1.418793e+04	0.000000e+00	-7.959673e+04	2.046675e+02	0.000000e+00	0.000000e+00	0.000000e+00	-1.458229e-01	-5.710872e+01	0.000000e+00	0.000000e+00	-3.327909e-02
8.950000e+00	4.810076e+02	-7.446692e+02	0.000000e+00	5.362754e+03	4.866088e+02	0.000000e+00	0.000000e+00	0.000000e+00	-5.819726e-03	8.782946e-01	0.000000e+00	0.000000e+00	-4.781200e-01	1.481263e-02	0.000000e+00	0.000000e+00	-1.418809e+04	0.000000e+00	-7.971305e+04	2.061233e+02	0.000000e+00	0.000000e+00	0.000000e+00	-1.467910e-01	-5.712537e+01	0.000000e+00	0.000000e+00	-3.334457e-02
9.000000e+00	4.795157e+02	-7.428379e+02	0.000000e+00	5.386767e+03	4.494202e+02	0.000000e+00	0.000000e+00	0.000000e+00	-5.831231e-03	8.782249e-01	0.000000e+00	0.000000e+00	-4.782479e-01	1.494298e-02	0.000000e+00	0.000000e+00	-1.418826e+04	0.000000e+00	-7.982754e+04	2.075841e+02	0.000000e+00	0.000000e+00	0.000000e+00	-1.477638e-01	-5.714206e+01	0.000000e+00	0.000000e+00	-3.341049e-02
9.050000e+00	4.780224e+02	-7.410028e+02	0.000000e+00	5.410707e+03	4.123233e+02	0.000000e+00	0.000000e+00	0.000000e+00	-5.842813e-03	8.781551e-01	0.000000e+00	0.000000e+00	-4.783760e-01	1.507456e-02	0.000000e+00	0.000000e+00	-1.418843e+04	0.000000e+00	-7.994020e+04	2.090497e+02	0.000000e+00	0.000000e+00	0.000000e+00	-1.487421e-01	-5.715878e+01	0.000000e+00	0.000000e+00	-3.347685e-02
9.100000e+00	4.765277e+02	-7.391640e+02	0.000000e+00	5.434571e+03	3.753182e+02	0.000000e+00	0.000000e+00	0.000000e+00	-5.854471e-03	8.780852e-01	0.000000e+00	0.000000e+00	-4.785044e-01	1.520736e-02	0.000000e+00	0.000000e+00	-1.418859e+04	0.000000e+00	-8.005101e+04	2.105201e+02	0.000000e+00	0.000000e+00	0.000000e+00	-1.497262e-01	-5.717554e+01	0.000000e+00	0.000000e+00	-3.354365e-02
9.150000e+00	4.750317e+02	-7.373216e+02	0.000000e+00	5.458361e+03	3.384051e+02	0.000000e+00	0.000000e+00	0.000000e+00	-5.866206e-03	8.780151e-01	0.000000e+00	0.000000e+00	-4.786331e-01	1.534141e-02	0.000000e+00	0.000000e+00	-1.418875e+04	0.000000e+00	-8.015999e+04	2.119952e+02	0.000000e+00	0.000000e+00	0.000000e+00	-1.507156e-01	-5.719233e+01	0.000000e+00	0.000000e+00	-3.361088e-02
9.200000e+00	4.735344e+02	-7.354755e+02	0.000000e+00	5.482076e+03	3.015842e+02	0.000000e+00	0.000000e+00	0.000000e+00	-5.878019e-03	8.779448e-01	0.000000e+00	0.000000e+00	-4.787620e-01	1.547671e-02	0.000000e+00	0.000000e+00	-1.418892e+04	0.000000e+00	-8.026714e+04	2.134751e+02	0.000000e+00	0.000000e+00	0.000000e+00	-1.517099e-01	-5.720915e+01	0.000000e+00	0.000000e+00	-3.367857e-02
9.250000e+00	4.720358e+02	-7.336259e+02	0.000000e+00	5.505716e+03	2.648557e+02	0.000000e+00	0.000000e+00	0.000000e+00	-5.889909e-03	8.778744e-01	0.000000e+00	0.000000e+00	-4.788911e-01	1.561328e-02	0.000000e+00	0.000000e+00	-1.418908e+04	0.000000e+00	-8.037245e+04	2.149597e+02	0.000000e+00	0.000000e+00	0.000000e+00	-1.527084e-01	-5.722600e+01	0.000000e+00	0.000000e+00	-3.374669e-02
9.300000e+00	4.705360e+02	-7.317728e+02	0.000000e+00	5.529281e+03	2.282198e+02	0.000000e+00	0.000000e+00	0.000000e+00	-5.901878e-03	8.778038e-01	0.000000e+00	0.000000e+00	-4.790205e-01	1.575112e-02	0.000000e+00	0.000000e+00	-1.418925e+04	0.000000e+00	-8.047593e+04	2.164488e+02	0.000000e+00	0.000000e+00	0.000000e+00	-1.537105e-01	-5.724289e+01	0.000000e+00	0.000000e+00	-3.381527e-02
9.350000e+00	4.690350e+02	-7.299163e+02	0.000000e+00	5.552771e+03	1.916767e+02	0.000000e+00	0.000000e+00	0.000000e+00	-5.913925e-03	8.777330e-01	0.000000e+00	0.000000e+00	-4.791501e-01	1.589025e-02	0.000000e+00	0.000000e+00	-1.418941e+04	0.000000e+00	-8.057758e+04	2.179426e+02	0.000000e+00	0.000000e+00	0.000000e+00	-1.547160e-01	-5.725982e+01	0.000000e+00	0.000000e+00	-3.388429e-02
9.400000e+00	4.675329e+02	-7.280563e+02	0.000000e+00	5.576186e+03	1.552264e+02	0.000000e+00	0.000000e+00	0.000000e+00	-5.926051e-03	8.776621e-01	0.000000e+00	0.000000e+00	-4.792800e-01	1.603069e-02	0.000000e+00	0.000000e+00	-1.418957e+04	0.000000e+00	-8.067741e+04	2.194408e+02	0.000000e+00	0.000000e+00	0.000000e+00	-1.557246e-01	-5.727678e+01	0.000000e+00	0.000000e+00	-3.395377e-02
9.450000e+00	4.660297e+02	-7.261930e+02	0.000000e+00	5.599526e+03	1.188692e+02	0.000000e+00	0.000000e+00	0.000000e+00	-5.938255e-03	8.775910e-01	0.000000e+00	0.000000e+00	-4.794102e-01	1.617244e-02	0.000000e+00	0.000000e+00	-1.418973e+04	0.000000e+00	-8.077543e+04	2.209435e+02	0.000000e+00	0.000000e+00	0.000000e+00	-1.567364e-01	-5.729377e+01	0.000000e+00	0.000000e+00	-3.402370e-02
9.500000e+00	4.645253e+02	-7.243264e+02	0.000000e+00	5.622790e+03	8.260529e+01	0.000000e+00	0.000000e+00	0.000000e+00	-5.950539e-03	8.775197e-01	0.000000e+00	0.000000e+00	-4.795406e-01	1.631552e-02	0.000000e+00	0.000000e+00	-1.418989e+04	0.000000e+00	-8.087163e+04	2.224507e+02	0.000000e+00	0.000000e+00	0.000000e+00	-1.577519e-01	-5.731080e+01	0.000000e+00	0.000000e+00	-3.409408e-02
9.550000e+00	4.630200e+02	-7.224566e+02	0.000000e+00	5.645980e+03	4.643476e+01	0.000000e+00	0.000000e+00	0.000000e+00	-5.962903e-03	8.774483e-01	0.000000e+00	0.000000e+00	-4.796713e-01	1.645994e-02	0.000000e+00	0.000000e+00	-1.419006e+04	0.000000e+00	-8.096602e+04	2.239623e+02	0.000000e+00	0.000000e+00	0.000000e+00	-1.587711e-01	-5.732786e+01	0.000000e+00	0.000000e+00	-3.416492e-02
9.600000e+00	4.615137e+02	-7.205835e+02	0.000000e+00	5.669094e+03	1.035781e+01	0.000000e+00	0.000000e+00	0.000000e+00	-5.975346e-03	8.773767e-01	0.000000e+00	0.000000e+00	-4.798022e-01	1.660572e-02	0.000000e+00	0.000000e+00	-1.419022e+04	0.000000e+00	-8.105862e+04	2.254782e+02	0.000000e+00	0.000000e+00	0.000000e+00	-1.597944e-01	-5.734496e+01	0.000000e+00	0.000000e+00	-3.423621e-02
9.614379e+00	4.610803e+02	-7.200443e+02	0.000000e+00	5.675727e+03	2.222077e-04	0.000000e+00	0.000000e+00	0.000000e+00	-5.978939e-03	8.773561e-01	0.000000e+00	0.000000e+00	-4.798399e-01	1.664789e-02	0.000000e+00	0.000000e+00	-1.419026e+04	0.000000e+00	-8.108491e+04	2.259149e+02	0.000000e+00	0.000000e+00	0.000000e+00	-1.600825e-01	-5.734989e+01	0.000000e+00	0.000000e+00	-3.425680e-02
