0	6.968435e+02	-9.769386e+02	0.000000e+00	0.000000e+00	8.350000e+03	0.000000e+00	0.000000e+00	0.000000e+00	0.000000e+00	8.890171e-01	0.000000e+00	0.000000e+00	-4.578739e-01	-0.000000e+00	0.000000e+00	0.000000e+00	-1.415314e+04	0.000000e+00	-4.149036e+04	-0.000000e+00	0.000000e+00	0.000000e+00	0.000000e+00	0.000000e+00	-5.450000e+01	0.000000e+00	0.000000e+00	0.000000e+00
5.000000e-01	6.883086e+02	-9.697913e+02	0.000000e+00	3.463154e+02	7.863289e+03	0.000000e+00	0.000000e+00	0.000000e+00	-3.436334e-03	8.884327e-01	0.000000e+00	0.000000e+00	-4.590069e-01	-1.128872e-02	0.000000e+00	0.000000e+00	-1.415530e+04	0.000000e+00	-4.384770e+04	-1.277004e+02	0.000000e+00	0.000000e+00	0.000000e+00	1.764893e+01	-5.464609e+01	0.000000e+00	0.000000e+00	-1.968874e-02
1.000000e+00	6.793228e+02	-9.619555e+02	0.000000e+00	6.882457e+02	7.380318e+03	0.000000e+00	0.000000e+00	0.000000e+00	-5.712196e-03	8.879169e-01	0.000000e+00	0.000000e+00	-4.600039e-01	-4.047166e-03	0.000000e+00	0.000000e+00	-1.415744e+04	0.000000e+00	-4.624699e+04	-4.555183e+01	0.000000e+00	0.000000e+00	0.000000e+00	1.162497e+01	-5.477471e+01	0.000000e+00	0.000000e+00	-3.272847e-02
1.500000e+00	6.698805e+02	-9.534193e+02	0.000000e+00	1.025568e+03	6.901439e+03	0.000000e+00	0.000000e+00	0.000000e+00	-5.896089e-03	8.873991e-01	0.000000e+00	0.000000e+00	-4.610019e-01	4.239354e-03	0.000000e+00	0.000000e+00	-1.415957e+04	0.000000e+00	-4.867891e+04	5.436967e+01	0.000000e+00	0.000000e+00	0.000000e+00	1.699160e+00	-5.490356e+01	0.000000e+00	0.000000e+00	-3.378210e-02
2.000000e+00	6.599845e+02	-9.441691e+02	0.000000e+00	1.358056e+03	6.427007e+03	0.000000e+00	0.000000e+00	0.000000e+00	-5.293537e-03	8.868547e-01	0.000000e+00	0.000000e+00	-4.620484e-01	7.295307e-03	0.000000e+00	0.000000e+00	-1.416168e+04	0.000000e+00	-5.113303e+04	9.420000e+01	0.000000e+00	0.000000e+00	0.000000e+00	-2.662220e+00	-5.503874e+01	0.000000e+00	0.000000e+00	-3.032973e-02
2.500000e+00	6.496383e+02	-9.341956e+02	0.000000e+00	1.685486e+03	5.957380e+03	0.000000e+00	0.000000e+00	0.000000e+00	-4.867442e-03	8.862913e-01	0.000000e+00	0.000000e+00	-4.631282e-01	7.004727e-03	0.000000e+00	0.000000e+00	-1.416376e+04	0.000000e+00	-5.359780e+04	9.275617e+01	0.000000e+00	0.000000e+00	0.000000e+00	-2.468613e+00	-5.517830e+01	0.000000e+00	0.000000e+00	-2.788839e-02
3.000000e+00	6.388452e+02	-9.234949e+02	0.000000e+00	2.007631e+03	5.492922e+03	0.000000e+00	0.000000e+00	0.000000e+00	-4.781930e-03	8.857199e-01	0.000000e+00	0.000000e+00	-4.642201e-01	6.191703e-03	0.000000e+00	0.000000e+00	-1.416582e+04	0.000000e+00	-5.606061e+04	8.413247e+01	0.000000e+00	0.000000e+00	0.000000e+00	-1.066463e+00	-5.531952e+01	0.000000e+00	0.000000e+00	-2.739844e-02
3.500000e+00	6.276101e+02	-9.120672e+02	0.000000e+00	2.324269e+03	5.033996e+03	0.000000e+00	0.000000e+00	0.000000e+00	-4.867179e-03	8.851443e-01	0.000000e+00	0.000000e+00	-4.653167e-01	5.986666e-03	0.000000e+00	0.000000e+00	-1.416786e+04	0.000000e+00	-5.850777e+04	8.311515e+01	0.000000e+00	0.000000e+00	0.000000e+00	-1.620692e-01	-5.546144e+01	0.000000e+00	0.000000e+00	-2.788688e-02
4.000000e+00	6.159413e+02	-8.999167e+02	0.000000e+00	2.635181e+03	4.580964e+03	0.000000e+00	0.000000e+00	0.000000e+00	-4.976666e-03	8.845636e-01	0.000000e+00	0.000000e+00	-4.664196e-01	6.334824e-03	0.000000e+00	0.000000e+00	-1.416988e+04	0.000000e+00	-6.092459e+04	8.938793e+01	0.000000e+00	0.000000e+00	0.000000e+00	9.646510e-02	-5.560427e+01	0.000000e+00	0.000000e+00	-2.851420e-02
4.500000e+00	6.038501e+02	-8.870518e+02	0.000000e+00	2.940152e+03	4.134186e+03	0.000000e+00	0.000000e+00	0.000000e+00	-5.062627e-03	8.839760e-01	0.000000e+00	0.000000e+00	-4.675323e-01	6.921490e-03	0.000000e+00	0.000000e+00	-1.417186e+04	0.000000e+00	-6.329546e+04	9.887383e+01	0.000000e+00	0.000000e+00	0.000000e+00	5.481989e-02	-5.574846e+01	0.000000e+00	0.000000e+00	-2.900671e-02
5.000000e+00	5.913514e+02	-8.734851e+02	0.000000e+00	3.238975e+03	3.694016e+03	0.000000e+00	0.000000e+00	0.000000e+00	-5.130774e-03	8.833801e-01	0.000000e+00	0.000000e+00	-4.686573e-01	7.566784e-03	0.000000e+00	0.000000e+00	-1.417382e+04	0.000000e+00	-6.560398e+04	1.090906e+02	0.000000e+00	0.000000e+00	0.000000e+00	-3.156379e-02	-5.589434e+01	0.000000e+00	0.000000e+00	-2.939717e-02
5.500000e+00	5.784631e+02	-8.592342e+02	0.000000e+00	3.531451e+03	3.260801e+03	0.000000e+00	0.000000e+00	0.000000e+00	-5.195878e-03	8.827750e-01	0.000000e+00	0.000000e+00	-4.697960e-01	8.234134e-03	0.000000e+00	0.000000e+00	-1.417575e+04	0.000000e+00	-6.783318e+04	1.194548e+02	0.000000e+00	0.000000e+00	0.000000e+00	-8.136969e-02	-5.604211e+01	0.000000e+00	0.000000e+00	-2.977019e-02
6.000000e+00	5.652065e+02	-8.443217e+02	0.000000e+00	3.817390e+03	2.834877e+03	0.000000e+00	0.000000e+00	0.000000e+00	-5.266007e-03	8.821603e-01	0.000000e+00	0.000000e+00	-4.709494e-01	8.943727e-03	0.000000e+00	0.000000e+00	-1.417764e+04	0.000000e+00	-6.996570e+04	1.301654e+02	0.000000e+00	0.000000e+00	0.000000e+00	-9.980690e-02	-5.619188e+01	0.000000e+00	0.000000e+00	-3.017200e-02
6.500000e+00	5.516062e+02	-8.287752e+02	0.000000e+00	4.096614e+03	2.416569e+03	0.000000e+00	0.000000e+00	0.000000e+00	-5.343183e-03	8.815350e-01	0.000000e+00	0.000000e+00	-4.721186e-01	9.719016e-03	0.000000e+00	0.000000e+00	-1.417950e+04	0.000000e+00	-7.198422e+04	1.414624e+02	0.000000e+00	0.000000e+00	0.000000e+00	-1.067185e-01	-5.634382e+01	0.000000e+00	0.000000e+00	-3.061419e-02
7.000000e+00	5.376899e+02	-8.126274e+02	0.000000e+00	4.368957e+03	2.006186e+03	0.000000e+00	0.000000e+00	0.000000e+00	-5.427228e-03	8.808987e-01	0.000000e+00	0.000000e+00	-4.733049e-01	1.057386e-02	0.000000e+00	0.000000e+00	-1.418133e+04	0.000000e+00	-7.387184e+04	1.534370e+02	0.000000e+00	0.000000e+00	0.000000e+00	-1.127280e-01	-5.649808e+01	0.000000e+00	0.000000e+00	-3.109573e-02
7.500000e+00	5.234883e+02	-7.959158e+02	0.000000e+00	4.634270e+03	1.604020e+03	0.000000e+00	0.000000e+00	0.000000e+00	-5.517879e-03	8.802504e-01	0.000000e+00	0.000000e+00	-4.745095e-01	1.151628e-02	0.000000e+00	0.000000e+00	-1.418312e+04	0.000000e+00	-7.561270e+04	1.660806e+02	0.000000e+00	0.000000e+00	0.000000e+00	-1.202707e-01	-5.665484e+01	0.000000e+00	0.000000e+00	-3.161512e-02
8.000000e+00	5.090347e+02	-7.786826e+02	0.000000e+00	4.892418e+03	1.210341e+03	0.000000e+00	0.000000e+00	0.000000e+00	-5.615228e-03	8.795893e-01	0.000000e+00	0.000000e+00	-4.757339e-01	1.255319e-02	0.000000e+00	0.000000e+00	-1.418487e+04	0.000000e+00	-7.719267e+04	1.793512e+02	0.000000e+00	0.000000e+00	0.000000e+00	-1.289273e-01	-5.681429e+01	0.000000e+00	0.000000e+00	-3.217288e-02
8.500000e+00	4.943648e+02	-7.609736e+02	0.000000e+00	5.143283e+03	8.253989e+02	0.000000e+00	0.000000e+00	0.000000e+00	-5.719568e-03	8.789144e-01	0.000000e+00	0.000000e+00	-4.769795e-01	1.369239e-02	0.000000e+00	0.000000e+00	-1.418659e+04	0.000000e+00	-7.860023e+04	1.932017e+02	0.000000e+00	0.000000e+00	0.000000e+00	-1.381522e-01	-5.697663e+01	0.000000e+00	0.000000e+00	-3.277071e-02
9.000000e+00	4.795157e+02	-7.428379e+02	0.000000e+00	5.386767e+03	4.494202e+02	0.000000e+00	0.000000e+00	0.000000e+00	-5.831231e-03	8.782249e-01	0.000000e+00	0.000000e+00	-4.782479e-01	1.494298e-02	0.000000e+00	0.000000e+00	-1.418826e+04	0.000000e+00	-7.982754e+04	2.075841e+02	0.000000e+00	0.000000e+00	0.000000e+00	-1.477638e-01	-5.714206e+01	0.000000e+00	0.000000e+00	-3.341049e-02
9.500000e+00	4.645253e+02	-7.243264e+02	0.000000e+00	5.622790e+03	8.260529e+01	0.000000e+00	0.000000e+00	0.000000e+00	-5.950539e-03	8.775197e-01	0.000000e+00	0.000000e+00	-4.795406e-01	1.631552e-02	0.000000e+00	0.000000e+00	-1.418989e+04	0.000000e+00	-8.087163e+04	2.224507e+02	0.000000e+00	0.000000e+00	0.000000e+00	-1.577519e-01	-5.731080e+01	0.000000e+00	0.000000e+00	-3.409408e-02
9.614379e+00	4.610803e+02	-7.200443e+02	0.000000e+00	5.675727e+03	2.222077e-04	0.000000e+00	0.000000e+00	0.000000e+00	-5.978939e-03	8.773561e-01	0.000000e+00	0.000000e+00	-4.798399e-01	1.664789e-02	0.000000e+00	0.000000e+00	-1.419026e+04	0.000000e+00	-8.108491e+04	2.259149e+02	0.000000e+00	0.000000e+00	0.000000e+00	-1.600825e-01	-5.734989e+01	0.000000e+00	0.000000e+00	-3.425680e-02
