0	7.305137e+02	-9.520240e+02	0.000000e+00	0.000000e+00	7.750000e+03	0.000000e+00	0.000000e+00	0.000000e+00	0.000000e+00	8.968727e-01	0.000000e+00	0.000000e+00	-4.422887e-01	-1.085629e-14	0.000000e+00	0.000000e+00	-1.395987e+04	0.000000e+00	-4.488824e+04	-1.281640e-10	0.000000e+00	0.000000e+00	0.000000e+00	1.402849e-11	-5.250000e+01	0.000000e+00	0.000000e+00	0.000000e+00
5.000000e-02	7.295547e+02	-9.512592e+02	0.000000e+00	3.650171e+01	7.702418e+03	0.000000e+00	0.000000e+00	0.000000e+00	-6.482349e-04	8.968703e-01	0.000000e+00	0.000000e+00	-4.422937e-01	1.347183e-02	0.000000e+00	0.000000e+00	-1.396008e+04	0.000000e+00	-4.512371e+04	1.678139e+02	0.000000e+00	0.000000e+00	0.000000e+00	-1.555157e+01	-5.250064e+01	0.000000e+00	0.000000e+00	-1.114234e-01
1.000000e-01	7.285951e+02	-9.504845e+02	0.000000e+00	7.295546e+01	7.654874e+03	0.000000e+00	0.000000e+00	0.000000e+00	-2.236323e-03	8.968549e-01	0.000000e+00	0.000000e+00	-4.423248e-01	2.336578e-02	0.000000e+00	0.000000e+00	-1.396029e+04	0.000000e+00	-4.535951e+04	3.061553e+02	0.000000e+00	0.000000e+00	0.000000e+00	-2.375701e+01	-5.250462e+01	0.000000e+00	0.000000e+00	-3.843957e-01
1.500000e-01	7.276337e+02	-9.497007e+02	0.000000e+00	1.093612e+02	7.607370e+03	0.000000e+00	0.000000e+00	0.000000e+00	-4.152710e-03	8.968196e-01	0.000000e+00	0.000000e+00	-4.423964e-01	2.792576e-02	0.000000e+00	0.000000e+00	-1.396050e+04	0.000000e+00	-4.559566e+04	3.859325e+02	0.000000e+00	0.000000e+00	0.000000e+00	-2.406645e+01	-5.251376e+01	0.000000e+00	0.000000e+00	-7.137983e-01
2.000000e-01	7.266688e+02	-9.489091e+02	0.000000e+00	1.457188e+02	7.559904e+03	0.000000e+00	0.000000e+00	0.000000e+00	-5.832065e-03	8.967640e-01	0.000000e+00	0.000000e+00	-4.425092e-01	2.715202e-02	0.000000e+00	0.000000e+00	-1.396071e+04	0.000000e+00	-4.583213e+04	3.993426e+02	0.000000e+00	0.000000e+00	0.000000e+00	-1.809718e+01	-5.252818e+01	0.000000e+00	0.000000e+00	-1.002458e+00
2.500000e-01	7.256988e+02	-9.481111e+02	0.000000e+00	1.820280e+02	7.512479e+03	0.000000e+00	0.000000e+00	0.000000e+00	-6.892330e-03	8.966929e-01	0.000000e+00	0.000000e+00	-4.426532e-01	2.242363e-02	0.000000e+00	0.000000e+00	-1.396091e+04	0.000000e+00	-4.606892e+04	3.574113e+02	0.000000e+00	0.000000e+00	0.000000e+00	-8.754101e+00	-5.254658e+01	0.000000e+00	0.000000e+00	-1.184704e+00
3.000000e-01	7.247224e+02	-9.473074e+02	0.000000e+00	2.182886e+02	7.465093e+03	0.000000e+00	0.000000e+00	0.000000e+00	-7.194923e-03	8.966142e-01	0.000000e+00	0.000000e+00	-4.428125e-01	1.584294e-02	0.000000e+00	0.000000e+00	-1.396112e+04	0.000000e+00	-4.630601e+04	2.831508e+02	0.000000e+00	0.000000e+00	0.000000e+00	8.022027e-01	-5.256694e+01	0.000000e+00	0.000000e+00	-1.236716e+00
3.500000e-01	7.237393e+02	-9.464984e+02	0.000000e+00	2.545001e+02	7.417748e+03	0.000000e+00	0.000000e+00	0.000000e+00	-6.828493e-03	8.965361e-01	0.000000e+00	0.000000e+00	-4.429707e-01	9.532211e-03	0.000000e+00	0.000000e+00	-1.396133e+04	0.000000e+00	-4.654340e+04	2.030410e+02	0.000000e+00	0.000000e+00	0.000000e+00	8.036916e+00	-5.258716e+01	0.000000e+00	0.000000e+00	-1.173731e+00
4.000000e-01	7.227495e+02	-9.456841e+02	0.000000e+00	2.906624e+02	7.370444e+03	0.000000e+00	0.000000e+00	0.000000e+00	-6.036661e-03	8.964646e-01	0.000000e+00	0.000000e+00	-4.431154e-01	5.076639e-03	0.000000e+00	0.000000e+00	-1.396153e+04	0.000000e+00	-4.678108e+04	1.393999e+02	0.000000e+00	0.000000e+00	0.000000e+00	1.157116e+01	-5.260565e+01	0.000000e+00	0.000000e+00	-1.037626e+00
4.500000e-01	7.217537e+02	-9.448639e+02	0.000000e+00	3.267750e+02	7.323180e+03	0.000000e+00	0.000000e+00	0.000000e+00	-5.120638e-03	8.964028e-01	0.000000e+00	0.000000e+00	-4.432404e-01	3.228384e-03	0.000000e+00	0.000000e+00	-1.396174e+04	0.000000e+00	-4.701904e+04	1.054492e+02	0.000000e+00	0.000000e+00	0.000000e+00	1.129505e+01	-5.262163e+01	0.000000e+00	0.000000e+00	-8.801728e-01
5.000000e-01	7.207526e+02	-9.440371e+02	0.000000e+00	3.628376e+02	7.275957e+03	0.000000e+00	0.000000e+00	0.000000e+00	-4.347739e-03	8.963506e-01	0.000000e+00	0.000000e+00	-4.433460e-01	3.893122e-03	0.000000e+00	0.000000e+00	-1.396195e+04	0.000000e+00	-4.725727e+04	1.038021e+02	0.000000e+00	0.000000e+00	0.000000e+00	8.122066e+00	-5.263513e+01	0.000000e+00	0.000000e+00	-7.473213e-01
5.500000e-01	7.197470e+02	-9.432033e+02	0.000000e+00	3.988502e+02	7.228776e+03	0.000000e+00	0.000000e+00	0.000000e+00	-3.888656e-03	8.963052e-01	0.000000e+00	0.000000e+00	-4.434376e-01	6.341580e-03	0.000000e+00	0.000000e+00	-1.396215e+04	0.000000e+00	-4.749576e+04	1.280586e+02	0.000000e+00	0.000000e+00	0.000000e+00	3.526020e+00	-5.264684e+01	0.000000e+00	0.000000e+00	-6.684107e-01
6.000000e-01	7.187376e+02	-9.423619e+02	0.000000e+00	4.348123e+02	7.181637e+03	0.000000e+00	0.000000e+00	0.000000e+00	-3.793858e-03	8.962630e-01	0.000000e+00	0.000000e+00	-4.435230e-01	9.541441e-03	0.000000e+00	0.000000e+00	-1.396236e+04	0.000000e+00	-4.773450e+04	1.664339e+02	0.000000e+00	0.000000e+00	0.000000e+00	-9.700188e-01	-5.265776e+01	0.000000e+00	0.000000e+00	-6.521162e-01
6.500000e-01	7.177244e+02	-9.415128e+02	0.000000e+00	4.707239e+02	7.134540e+03	0.000000e+00	0.000000e+00	0.000000e+00	-4.006895e-03	8.962200e-01	0.000000e+00	0.000000e+00	-4.436100e-01	1.249579e-02	0.000000e+00	0.000000e+00	-1.396257e+04	0.000000e+00	-4.797348e+04	2.060294e+02	0.000000e+00	0.000000e+00	0.000000e+00	-4.206853e+00	-5.266888e+01	0.000000e+00	0.000000e+00	-6.887345e-01
7.000000e-01	7.167075e+02	-9.406561e+02	0.000000e+00	5.065847e+02	7.087486e+03	0.000000e+00	0.000000e+00	0.000000e+00	-4.403024e-03	8.961734e-01	0.000000e+00	0.000000e+00	-4.437040e-01	1.449726e-02	0.000000e+00	0.000000e+00	-1.396277e+04	0.000000e+00	-4.821269e+04	2.364749e+02	0.000000e+00	0.000000e+00	0.000000e+00	-5.615583e+00	-5.268090e+01	0.000000e+00	0.000000e+00	-7.568241e-01
7.500000e-01	7.156863e+02	-9.397920e+02	0.000000e+00	5.423945e+02	7.040475e+03	0.000000e+00	0.000000e+00	0.000000e+00	-4.837388e-03	8.961221e-01	0.000000e+00	0.000000e+00	-4.438075e-01	1.524917e-02	0.000000e+00	0.000000e+00	-1.396298e+04	0.000000e+00	-4.845211e+04	2.521084e+02	0.000000e+00	0.000000e+00	0.000000e+00	-5.237571e+00	-5.269414e+01	0.000000e+00	0.000000e+00	-8.314857e-01
8.000000e-01	7.146607e+02	-9.389209e+02	0.000000e+00	5.781532e+02	6.993507e+03	0.000000e+00	0.000000e+00	0.000000e+00	-5.187816e-03	8.960664e-01	0.000000e+00	0.000000e+00	-4.439201e-01	1.485110e-02	0.000000e+00	0.000000e+00	-1.396319e+04	0.000000e+00	-4.869175e+04	2.524309e+02	0.000000e+00	0.000000e+00	0.000000e+00	-3.577686e+00	-5.270853e+01	0.000000e+00	0.000000e+00	-8.917199e-01
8.500000e-01	7.136301e+02	-9.380429e+02	0.000000e+00	6.138605e+02	6.946583e+03	0.000000e+00	0.000000e+00	0.000000e+00	-5.382070e-03	8.960076e-01	0.000000e+00	0.000000e+00	-4.440388e-01	1.368283e-02	0.000000e+00	0.000000e+00	-1.396339e+04	0.000000e+00	-4.893158e+04	2.410929e+02	0.000000e+00	0.000000e+00	0.000000e+00	-1.366568e+00	-5.272371e+01	0.000000e+00	0.000000e+00	-9.251096e-01
9.000000e-01	7.125944e+02	-9.371582e+02	0.000000e+00	6.495162e+02	6.899703e+03	0.000000e+00	0.000000e+00	0.000000e+00	-5.405700e-03	8.959475e-01	0.000000e+00	0.000000e+00	-4.441599e-01	1.224017e-02	0.000000e+00	0.000000e+00	-1.396360e+04	0.000000e+00	-4.917160e+04	2.240036e+02	0.000000e+00	0.000000e+00	0.000000e+00	6.844280e-01	-5.273920e+01	0.000000e+00	0.000000e+00	-9.291714e-01
9.500000e-01	7.115534e+02	-9.362669e+02	0.000000e+00	6.851199e+02	6.852867e+03	0.000000e+00	0.000000e+00	0.000000e+00	-5.292764e-03	8.958880e-01	0.000000e+00	0.000000e+00	-4.442799e-01	1.097722e-02	0.000000e+00	0.000000e+00	-1.396380e+04	0.000000e+00	-4.941179e+04	2.072593e+02	0.000000e+00	0.000000e+00	0.000000e+00	2.068377e+00	-5.275455e+01	0.000000e+00	0.000000e+00	-9.097591e-01
1.000000e+00	7.105074e+02	-9.353690e+02	0.000000e+00	7.206714e+02	6.806076e+03	0.000000e+00	0.000000e+00	0.000000e+00	-5.105704e-03	8.958302e-01	0.000000e+00	0.000000e+00	-4.443964e-01	1.019557e-02	0.000000e+00	0.000000e+00	-1.396401e+04	0.000000e+00	-4.965215e+04	1.954844e+02	0.000000e+00	0.000000e+00	0.000000e+00	2.571676e+00	-5.276946e+01	0.000000e+00	0.000000e+00	-8.776059e-01
1.050000e+00	7.094563e+02	-9.344642e+02	0.000000e+00	7.561705e+02	6.759330e+03	0.000000e+00	0.000000e+00	0.000000e+00	-4.912227e-03	8.957746e-01	0.000000e+00	0.000000e+00	-4.445086e-01	9.999425e-03	0.000000e+00	0.000000e+00	-1.396421e+04	0.000000e+00	-4.989266e+04	1.909344e+02	0.000000e+00	0.000000e+00	0.000000e+00	2.264331e+00	-5.278380e+01	0.000000e+00	0.000000e+00	-8.443497e-01
1.100000e+00	7.084005e+02	-9.335525e+02	0.000000e+00	7.916170e+02	6.712630e+03	0.000000e+00	0.000000e+00	0.000000e+00	-4.766050e-03	8.957209e-01	0.000000e+00	0.000000e+00	-4.446168e-01	1.031358e-02	0.000000e+00	0.000000e+00	-1.396441e+04	0.000000e+00	-5.013331e+04	1.934324e+02	0.000000e+00	0.000000e+00	0.000000e+00	1.416406e+00	-5.279765e+01	0.000000e+00	0.000000e+00	-8.192237e-01
1.150000e+00	7.073400e+02	-9.326337e+02	0.000000e+00	8.270105e+02	6.665975e+03	0.000000e+00	0.000000e+00	0.000000e+00	-4.695797e-03	8.956684e-01	0.000000e+00	0.000000e+00	-4.447226e-01	1.094512e-02	0.000000e+00	0.000000e+00	-1.396462e+04	0.000000e+00	-5.037410e+04	2.009703e+02	0.000000e+00	0.000000e+00	0.000000e+00	3.797750e-01	-5.281118e+01	0.000000e+00	0.000000e+00	-8.071481e-01
1.200000e+00	7.062750e+02	-9.317078e+02	0.000000e+00	8.623509e+02	6.619367e+03	0.000000e+00	0.000000e+00	0.000000e+00	-4.703177e-03	8.956162e-01	0.000000e+00	0.000000e+00	-4.448277e-01	1.166228e-02	0.000000e+00	0.000000e+00	-1.396482e+04	0.000000e+00	-5.061501e+04	2.106631e+02	0.000000e+00	0.000000e+00	0.000000e+00	-5.250613e-01	-5.282463e+01	0.000000e+00	0.000000e+00	-8.084167e-01
1.250000e+00	7.052055e+02	-9.307746e+02	0.000000e+00	8.976379e+02	6.572804e+03	0.000000e+00	0.000000e+00	0.000000e+00	-4.768800e-03	8.955635e-01	0.000000e+00	0.000000e+00	-4.449336e-01	1.226533e-02	0.000000e+00	0.000000e+00	-1.396503e+04	0.000000e+00	-5.085602e+04	2.197210e+02	0.000000e+00	0.000000e+00	0.000000e+00	-1.087721e+00	-5.283819e+01	0.000000e+00	0.000000e+00	-8.196963e-01
1.300000e+00	7.041314e+02	-9.298343e+02	0.000000e+00	9.328714e+02	6.526289e+03	0.000000e+00	0.000000e+00	0.000000e+00	-4.862303e-03	8.955100e-01	0.000000e+00	0.000000e+00	-4.450414e-01	1.263240e-02	0.000000e+00	0.000000e+00	-1.396523e+04	0.000000e+00	-5.109714e+04	2.261735e+02	0.000000e+00	0.000000e+00	0.000000e+00	-1.238840e+00	-5.285198e+01	0.000000e+00	0.000000e+00	-8.357684e-01
1.350000e+00	7.030528e+02	-9.288870e+02	0.000000e+00	9.680510e+02	6.479821e+03	0.000000e+00	0.000000e+00	0.000000e+00	-4.953073e-03	8.954554e-01	0.000000e+00	0.000000e+00	-4.451513e-01	1.273363e-02	0.000000e+00	0.000000e+00	-1.396543e+04	0.000000e+00	-5.133834e+04	2.292067e+02	0.000000e+00	0.000000e+00	0.000000e+00	-1.035774e+00	-5.286604e+01	0.000000e+00	0.000000e+00	-8.513706e-01
1.400000e+00	7.019694e+02	-9.279325e+02	0.000000e+00	1.003177e+03	6.433401e+03	0.000000e+00	0.000000e+00	0.000000e+00	-5.018516e-03	8.953998e-01	0.000000e+00	0.000000e+00	-4.452630e-01	1.261734e-02	0.000000e+00	0.000000e+00	-1.396564e+04	0.000000e+00	-5.157961e+04	2.291123e+02	0.000000e+00	0.000000e+00	0.000000e+00	-6.174180e-01	-5.288033e+01	0.000000e+00	0.000000e+00	-8.626193e-01
1.450000e+00	7.008812e+02	-9.269711e+02	0.000000e+00	1.038248e+03	6.387028e+03	0.000000e+00	0.000000e+00	0.000000e+00	-5.048227e-03	8.953438e-01	0.000000e+00	0.000000e+00	-4.453757e-01	1.237848e-02	0.000000e+00	0.000000e+00	-1.396584e+04	0.000000e+00	-5.182094e+04	2.269507e+02	0.000000e+00	0.000000e+00	0.000000e+00	-1.475529e-01	-5.289476e+01	0.000000e+00	0.000000e+00	-8.677263e-01
1.500000e+00	6.997882e+02	-9.260027e+02	0.000000e+00	1.073265e+03	6.340704e+03	0.000000e+00	0.000000e+00	0.000000e+00	-5.043890e-03	8.952875e-01	0.000000e+00	0.000000e+00	-4.454887e-01	1.212202e-02	0.000000e+00	0.000000e+00	-1.396604e+04	0.000000e+00	-5.206233e+04	2.240857e+02	0.000000e+00	0.000000e+00	0.000000e+00	2.352345e-01	-5.290922e+01	0.000000e+00	0.000000e+00	-8.669808e-01
1.550000e+00	6.986904e+02	-9.250274e+02	0.000000e+00	1.108227e+03	6.294428e+03	0.000000e+00	0.000000e+00	0.000000e+00	-5.015933e-03	8.952315e-01	0.000000e+00	0.000000e+00	-4.456013e-01	1.193240e-02	0.000000e+00	0.000000e+00	-1.396625e+04	0.000000e+00	-5.230375e+04	2.217466e+02	0.000000e+00	0.000000e+00	0.000000e+00	4.489873e-01	-5.292364e+01	0.000000e+00	0.000000e+00	-8.621753e-01
1.600000e+00	6.975878e+02	-9.240450e+02	0.000000e+00	1.143134e+03	6.248201e+03	0.000000e+00	0.000000e+00	0.000000e+00	-4.978621e-03	8.951758e-01	0.000000e+00	0.000000e+00	-4.457132e-01	1.185575e-02	0.000000e+00	0.000000e+00	-1.396645e+04	0.000000e+00	-5.254520e+04	2.207293e+02	0.000000e+00	0.000000e+00	0.000000e+00	4.770157e-01	-5.293795e+01	0.000000e+00	0.000000e+00	-8.557619e-01
1.650000e+00	6.964805e+02	-9.230557e+02	0.000000e+00	1.177985e+03	6.202023e+03	0.000000e+00	0.000000e+00	0.000000e+00	-4.945287e-03	8.951205e-01	0.000000e+00	0.000000e+00	-4.458242e-01	1.189679e-02	0.000000e+00	0.000000e+00	-1.396665e+04	0.000000e+00	-5.278667e+04	2.212851e+02	0.000000e+00	0.000000e+00	0.000000e+00	3.567671e-01	-5.295217e+01	0.000000e+00	0.000000e+00	-8.500323e-01
1.700000e+00	6.953684e+02	-9.220592e+02	0.000000e+00	1.212782e+03	6.155896e+03	0.000000e+00	0.000000e+00	0.000000e+00	-4.924959e-03	8.950655e-01	0.000000e+00	0.000000e+00	-4.459346e-01	1.202764e-02	0.000000e+00	0.000000e+00	-1.396685e+04	0.000000e+00	-5.302813e+04	2.231830e+02	0.000000e+00	0.000000e+00	0.000000e+00	1.566535e-01	-5.296630e+01	0.000000e+00	0.000000e+00	-8.465382e-01
1.750000e+00	6.942517e+02	-9.210557e+02	0.000000e+00	1.247522e+03	6.109818e+03	0.000000e+00	0.000000e+00	0.000000e+00	-4.920965e-03	8.950107e-01	0.000000e+00	0.000000e+00	-4.460447e-01	1.220321e-02	0.000000e+00	0.000000e+00	-1.396706e+04	0.000000e+00	-5.326959e+04	2.258877e+02	0.000000e+00	0.000000e+00	0.000000e+00	-4.997535e-02	-5.298040e+01	0.000000e+00	0.000000e+00	-8.458516e-01
1.800000e+00	6.931303e+02	-9.200451e+02	0.000000e+00	1.282207e+03	6.063790e+03	0.000000e+00	0.000000e+00	0.000000e+00	-4.931423e-03	8.949557e-01	0.000000e+00	0.000000e+00	-4.461549e-01	1.237765e-02	0.000000e+00	0.000000e+00	-1.396726e+04	0.000000e+00	-5.351102e+04	2.287775e+02	0.000000e+00	0.000000e+00	0.000000e+00	-2.059278e-01	-5.299451e+01	0.000000e+00	0.000000e+00	-8.476492e-01
1.850000e+00	6.920043e+02	-9.190274e+02	0.000000e+00	1.316835e+03	6.017813e+03	0.000000e+00	0.000000e+00	0.000000e+00	-4.951029e-03	8.949006e-01	0.000000e+00	0.000000e+00	-4.462655e-01	1.251685e-02	0.000000e+00	0.000000e+00	-1.396746e+04	0.000000e+00	-5.375241e+04	2.313330e+02	0.000000e+00	0.000000e+00	0.000000e+00	-2.817589e-01	-5.300866e+01	0.000000e+00	0.000000e+00	-8.510191e-01
1.900000e+00	6.908736e+02	-9.180027e+02	0.000000e+00	1.351407e+03	5.971887e+03	0.000000e+00	0.000000e+00	0.000000e+00	-4.973329e-03	8.948453e-01	0.000000e+00	0.000000e+00	-4.463765e-01	1.260479e-02	0.000000e+00	0.000000e+00	-1.396766e+04	0.000000e+00	-5.399376e+04	2.332527e+02	0.000000e+00	0.000000e+00	0.000000e+00	-2.769807e-01	-5.302288e+01	0.000000e+00	0.000000e+00	-8.548523e-01
1.950000e+00	6.897383e+02	-9.169708e+02	0.000000e+00	1.385922e+03	5.926013e+03	0.000000e+00	0.000000e+00	0.000000e+00	-4.992758e-03	8.947896e-01	0.000000e+00	0.000000e+00	-4.464880e-01	1.264334e-02	0.000000e+00	0.000000e+00	-1.396786e+04	0.000000e+00	-5.423504e+04	2.344816e+02	0.000000e+00	0.000000e+00	0.000000e+00	-2.130802e-01	-5.303716e+01	0.000000e+00	0.000000e+00	-8.581919e-01
2.000000e+00	6.885983e+02	-9.159319e+02	0.000000e+00	1.420381e+03	5.880190e+03	0.000000e+00	0.000000e+00	0.000000e+00	-5.005923e-03	8.947338e-01	0.000000e+00	0.000000e+00	-4.465998e-01	1.264737e-02	0.000000e+00	0.000000e+00	-1.396806e+04	0.000000e+00	-5.447625e+04	2.351656e+02	0.000000e+00	0.000000e+00	0.000000e+00	-1.222523e-01	-5.305148e+01	0.000000e+00	0.000000e+00	-8.604547e-01
2.050000e+00	6.874536e+02	-9.148859e+02	0.000000e+00	1.454782e+03	5.834420e+03	0.000000e+00	0.000000e+00	0.000000e+00	-5.011987e-03	8.946779e-01	0.000000e+00	0.000000e+00	-4.467119e-01	1.263745e-02	0.000000e+00	0.000000e+00	-1.396826e+04	0.000000e+00	-5.471737e+04	2.355625e+02	0.000000e+00	0.000000e+00	0.000000e+00	-3.598134e-02	-5.306583e+01	0.000000e+00	0.000000e+00	-8.614971e-01
2.100000e+00	6.863042e+02	-9.138329e+02	0.000000e+00	1.489126e+03	5.788702e+03	0.000000e+00	0.000000e+00	0.000000e+00	-5.012258e-03	8.946219e-01	0.000000e+00	0.000000e+00	-4.468240e-01	1.263285e-02	0.000000e+00	0.000000e+00	-1.396846e+04	0.000000e+00	-5.495839e+04	2.359448e+02	0.000000e+00	0.000000e+00	0.000000e+00	2.335960e-02	-5.308019e+01	0.000000e+00	0.000000e+00	-8.615437e-01
2.150000e+00	6.851501e+02	-9.127729e+02	0.000000e+00	1.523412e+03	5.743037e+03	0.000000e+00	0.000000e+00	0.000000e+00	-5.009295e-03	8.945659e-01	0.000000e+00	0.000000e+00	-4.469361e-01	1.264667e-02	0.000000e+00	0.000000e+00	-1.396866e+04	0.000000e+00	-5.519930e+04	2.365218e+02	0.000000e+00	0.000000e+00	0.000000e+00	4.633387e-02	-5.309455e+01	0.000000e+00	0.000000e+00	-8.610344e-01
2.200000e+00	6.839913e+02	-9.117058e+02	0.000000e+00	1.557641e+03	5.697425e+03	0.000000e+00	0.000000e+00	0.000000e+00	-5.005899e-03	8.945100e-01	0.000000e+00	0.000000e+00	-4.470480e-01	1.268381e-02	0.000000e+00	0.000000e+00	-1.396886e+04	0.000000e+00	-5.544008e+04	2.373987e+02	0.000000e+00	0.000000e+00	0.000000e+00	3.577294e-02	-5.310889e+01	0.000000e+00	0.000000e+00	-8.604506e-01
2.250000e+00	6.828279e+02	-9.106316e+02	0.000000e+00	1.591811e+03	5.651866e+03	0.000000e+00	0.000000e+00	0.000000e+00	-5.004289e-03	8.944540e-01	0.000000e+00	0.000000e+00	-4.471600e-01	1.274178e-02	0.000000e+00	0.000000e+00	-1.396906e+04	0.000000e+00	-5.568072e+04	2.385738e+02	0.000000e+00	0.000000e+00	0.000000e+00	2.916695e-03	-5.312323e+01	0.000000e+00	0.000000e+00	-8.601739e-01
2.300000e+00	6.816599e+02	-9.095503e+02	0.000000e+00	1.625924e+03	5.606362e+03	0.000000e+00	0.000000e+00	0.000000e+00	-5.005646e-03	8.943981e-01	0.000000e+00	0.000000e+00	-4.472719e-01	1.281318e-02	0.000000e+00	0.000000e+00	-1.396926e+04	0.000000e+00	-5.592120e+04	2.399663e+02	0.000000e+00	0.000000e+00	0.000000e+00	-3.777997e-02	-5.313757e+01	0.000000e+00	0.000000e+00	-8.604071e-01
2.350000e+00	6.804872e+02	-9.084620e+02	0.000000e+00	1.659977e+03	5.560911e+03	0.000000e+00	0.000000e+00	0.000000e+00	-5.010056e-03	8.943421e-01	0.000000e+00	0.000000e+00	-4.473838e-01	1.288903e-02	0.000000e+00	0.000000e+00	-1.396946e+04	0.000000e+00	-5.616152e+04	2.414574e+02	0.000000e+00	0.000000e+00	0.000000e+00	-7.341186e-02	-5.315191e+01	0.000000e+00	0.000000e+00	-8.611651e-01
2.400000e+00	6.793100e+02	-9.073667e+02	0.000000e+00	1.693972e+03	5.515516e+03	0.000000e+00	0.000000e+00	0.000000e+00	-5.016765e-03	8.942860e-01	0.000000e+00	0.000000e+00	-4.474959e-01	1.296157e-02	0.000000e+00	0.000000e+00	-1.396966e+04	0.000000e+00	-5.640165e+04	2.429328e+02	0.000000e+00	0.000000e+00	0.000000e+00	-9.575672e-02	-5.316628e+01	0.000000e+00	0.000000e+00	-8.623184e-01
2.450000e+00	6.781281e+02	-9.062642e+02	0.000000e+00	1.727908e+03	5.470175e+03	0.000000e+00	0.000000e+00	0.000000e+00	-5.024603e-03	8.942298e-01	0.000000e+00	0.000000e+00	-4.476082e-01	1.302609e-02	0.000000e+00	0.000000e+00	-1.396986e+04	0.000000e+00	-5.664159e+04	2.443126e+02	0.000000e+00	0.000000e+00	0.000000e+00	-1.023272e-01	-5.318066e+01	0.000000e+00	0.000000e+00	-8.636656e-01
2.500000e+00	6.769416e+02	-9.051547e+02	0.000000e+00	1.761785e+03	5.424889e+03	0.000000e+00	0.000000e+00	0.000000e+00	-5.032404e-03	8.941735e-01	0.000000e+00	0.000000e+00	-4.477206e-01	1.308138e-02	0.000000e+00	0.000000e+00	-1.397006e+04	0.000000e+00	-5.688132e+04	2.455639e+02	0.000000e+00	0.000000e+00	0.000000e+00	-9.558029e-02	-5.319506e+01	0.000000e+00	0.000000e+00	-8.650066e-01
2.550000e+00	6.757505e+02	-9.040382e+02	0.000000e+00	1.795602e+03	5.379660e+03	0.000000e+00	0.000000e+00	0.000000e+00	-5.039332e-03	8.941171e-01	0.000000e+00	0.000000e+00	-4.478331e-01	1.312921e-02	0.000000e+00	0.000000e+00	-1.397025e+04	0.000000e+00	-5.712083e+04	2.466983e+02	0.000000e+00	0.000000e+00	0.000000e+00	-8.097201e-02	-5.320949e+01	0.000000e+00	0.000000e+00	-8.661973e-01
2.600000e+00	6.745548e+02	-9.029146e+02	0.000000e+00	1.829360e+03	5.334486e+03	0.000000e+00	0.000000e+00	0.000000e+00	-5.045014e-03	8.940607e-01	0.000000e+00	0.000000e+00	-4.479459e-01	1.317303e-02	0.000000e+00	0.000000e+00	-1.397045e+04	0.000000e+00	-5.736009e+04	2.477569e+02	0.000000e+00	0.000000e+00	0.000000e+00	-6.468832e-02	-5.322394e+01	0.000000e+00	0.000000e+00	-8.671740e-01
2.650000e+00	6.733545e+02	-9.017840e+02	0.000000e+00	1.863058e+03	5.289368e+03	0.000000e+00	0.000000e+00	0.000000e+00	-5.049529e-03	8.940042e-01	0.000000e+00	0.000000e+00	-4.480587e-01	1.321662e-02	0.000000e+00	0.000000e+00	-1.397065e+04	0.000000e+00	-5.759911e+04	2.487916e+02	0.000000e+00	0.000000e+00	0.000000e+00	-5.176156e-02	-5.323840e+01	0.000000e+00	0.000000e+00	-8.679500e-01
2.700000e+00	6.721497e+02	-9.006464e+02	0.000000e+00	1.896695e+03	5.244307e+03	0.000000e+00	0.000000e+00	0.000000e+00	-5.053264e-03	8.939476e-01	0.000000e+00	0.000000e+00	-4.481716e-01	1.326296e-02	0.000000e+00	0.000000e+00	-1.397085e+04	0.000000e+00	-5.783786e+04	2.498483e+02	0.000000e+00	0.000000e+00	0.000000e+00	-4.499214e-02	-5.325287e+01	0.000000e+00	0.000000e+00	-8.685921e-01
2.750000e+00	6.709403e+02	-8.995017e+02	0.000000e+00	1.930273e+03	5.199304e+03	0.000000e+00	0.000000e+00	0.000000e+00	-5.056731e-03	8.938909e-01	0.000000e+00	0.000000e+00	-4.482845e-01	1.331365e-02	0.000000e+00	0.000000e+00	-1.397104e+04	0.000000e+00	-5.807633e+04	2.509558e+02	0.000000e+00	0.000000e+00	0.000000e+00	-4.476431e-02	-5.326735e+01	0.000000e+00	0.000000e+00	-8.691880e-01
2.800000e+00	6.697263e+02	-8.983500e+02	0.000000e+00	1.963789e+03	5.154357e+03	0.000000e+00	0.000000e+00	0.000000e+00	-5.060390e-03	8.938342e-01	0.000000e+00	0.000000e+00	-4.483976e-01	1.336882e-02	0.000000e+00	0.000000e+00	-1.397124e+04	0.000000e+00	-5.831451e+04	2.521224e+02	0.000000e+00	0.000000e+00	0.000000e+00	-4.957463e-02	-5.328184e+01	0.000000e+00	0.000000e+00	-8.698171e-01
2.850000e+00	6.685078e+02	-8.971913e+02	0.000000e+00	1.997245e+03	5.109469e+03	0.000000e+00	0.000000e+00	0.000000e+00	-5.064543e-03	8.937775e-01	0.000000e+00	0.000000e+00	-4.485107e-01	1.342748e-02	0.000000e+00	0.000000e+00	-1.397144e+04	0.000000e+00	-5.855237e+04	2.533390e+02	0.000000e+00	0.000000e+00	0.000000e+00	-5.694108e-02	-5.329634e+01	0.000000e+00	0.000000e+00	-8.705309e-01
2.900000e+00	6.672848e+02	-8.960255e+02	0.000000e+00	2.030640e+03	5.064638e+03	0.000000e+00	0.000000e+00	0.000000e+00	-5.069288e-03	8.937206e-01	0.000000e+00	0.000000e+00	-4.486239e-01	1.348812e-02	0.000000e+00	0.000000e+00	-1.397163e+04	0.000000e+00	-5.878991e+04	2.545862e+02	0.000000e+00	0.000000e+00	0.000000e+00	-6.434223e-02	-5.331086e+01	0.000000e+00	0.000000e+00	-8.713464e-01
2.950000e+00	6.660572e+02	-8.948528e+02	0.000000e+00	2.063974e+03	5.019866e+03	0.000000e+00	0.000000e+00	0.000000e+00	-5.074548e-03	8.936638e-01	0.000000e+00	0.000000e+00	-4.487372e-01	1.354922e-02	0.000000e+00	0.000000e+00	-1.397183e+04	0.000000e+00	-5.902712e+04	2.558423e+02	0.000000e+00	0.000000e+00	0.000000e+00	-6.991928e-02	-5.332539e+01	0.000000e+00	0.000000e+00	-8.722506e-01
3.000000e+00	6.648251e+02	-8.936730e+02	0.000000e+00	2.097246e+03	4.975153e+03	0.000000e+00	0.000000e+00	0.000000e+00	-5.080142e-03	8.936068e-01	0.000000e+00	0.000000e+00	-4.488507e-01	1.360971e-02	0.000000e+00	0.000000e+00	-1.397203e+04	0.000000e+00	-5.926397e+04	2.570897e+02	0.000000e+00	0.000000e+00	0.000000e+00	-7.280957e-02	-5.333993e+01	0.000000e+00	0.000000e+00	-8.732121e-01
3.050000e+00	6.635885e+02	-8.924863e+02	0.000000e+00	2.130456e+03	4.930499e+03	0.000000e+00	0.000000e+00	0.000000e+00	-5.085857e-03	8.935497e-01	0.000000e+00	0.000000e+00	-4.489642e-01	1.366909e-02	0.000000e+00	0.000000e+00	-1.397222e+04	0.000000e+00	-5.950045e+04	2.583189e+02	0.000000e+00	0.000000e+00	0.000000e+00	-7.311724e-02	-5.335450e+01	0.000000e+00	0.000000e+00	-8.741944e-01
3.100000e+00	6.623475e+02	-8.912926e+02	0.000000e+00	2.163604e+03	4.885905e+03	0.000000e+00	0.000000e+00	0.000000e+00	-5.091519e-03	8.934926e-01	0.000000e+00	0.000000e+00	-4.490779e-01	1.372748e-02	0.000000e+00	0.000000e+00	-1.397242e+04	0.000000e+00	-5.973654e+04	2.595285e+02	0.000000e+00	0.000000e+00	0.000000e+00	-7.162555e-02	-5.336907e+01	0.000000e+00	0.000000e+00	-8.751677e-01
3.150000e+00	6.611019e+02	-8.900919e+02	0.000000e+00	2.196691e+03	4.841370e+03	0.000000e+00	0.000000e+00	0.000000e+00	-5.097029e-03	8.934354e-01	0.000000e+00	0.000000e+00	-4.491917e-01	1.378536e-02	0.000000e+00	0.000000e+00	-1.397261e+04	0.000000e+00	-5.997224e+04	2.607238e+02	0.000000e+00	0.000000e+00	0.000000e+00	-6.939939e-02	-5.338367e+01	0.000000e+00	0.000000e+00	-8.761148e-01
3.200000e+00	6.598519e+02	-8.888842e+02	0.000000e+00	2.229715e+03	4.796896e+03	0.000000e+00	0.000000e+00	0.000000e+00	-5.102370e-03	8.933781e-01	0.000000e+00	0.000000e+00	-4.493056e-01	1.384338e-02	0.000000e+00	0.000000e+00	-1.397281e+04	0.000000e+00	-6.020753e+04	2.619134e+02	0.000000e+00	0.000000e+00	0.000000e+00	-6.741704e-02	-5.339828e+01	0.000000e+00	0.000000e+00	-8.770327e-01
3.250000e+00	6.585975e+02	-8.876696e+02	0.000000e+00	2.262676e+03	4.752482e+03	0.000000e+00	0.000000e+00	0.000000e+00	-5.107587e-03	8.933208e-01	0.000000e+00	0.000000e+00	-4.494196e-01	1.390213e-02	0.000000e+00	0.000000e+00	-1.397300e+04	0.000000e+00	-6.044238e+04	2.631060e+02	0.000000e+00	0.000000e+00	0.000000e+00	-6.632529e-02	-5.341290e+01	0.000000e+00	0.000000e+00	-8.779295e-01
3.300000e+00	6.573386e+02	-8.864480e+02	0.000000e+00	2.295574e+03	4.708129e+03	0.000000e+00	0.000000e+00	0.000000e+00	-5.112762e-03	8.932634e-01	0.000000e+00	0.000000e+00	-4.495337e-01	1.396198e-02	0.000000e+00	0.000000e+00	-1.397320e+04	0.000000e+00	-6.067679e+04	2.643079e+02	0.000000e+00	0.000000e+00	0.000000e+00	-6.635205e-02	-5.342754e+01	0.000000e+00	0.000000e+00	-8.788191e-01
3.350000e+00	6.560753e+02	-8.852194e+02	0.000000e+00	2.328410e+03	4.663837e+03	0.000000e+00	0.000000e+00	0.000000e+00	-5.117980e-03	8.932059e-01	0.000000e+00	0.000000e+00	-4.496479e-01	1.402308e-02	0.000000e+00	0.000000e+00	-1.397339e+04	0.000000e+00	-6.091075e+04	2.655221e+02	0.000000e+00	0.000000e+00	0.000000e+00	-6.735804e-02	-5.344220e+01	0.000000e+00	0.000000e+00	-8.797160e-01
3.400000e+00	6.548076e+02	-8.839840e+02	0.000000e+00	2.361182e+03	4.619607e+03	0.000000e+00	0.000000e+00	0.000000e+00	-5.123303e-03	8.931483e-01	0.000000e+00	0.000000e+00	-4.497623e-01	1.408532e-02	0.000000e+00	0.000000e+00	-1.397359e+04	0.000000e+00	-6.114422e+04	2.667481e+02	0.000000e+00	0.000000e+00	0.000000e+00	-6.897551e-02	-5.345687e+01	0.000000e+00	0.000000e+00	-8.806309e-01
3.450000e+00	6.535355e+02	-8.827416e+02	0.000000e+00	2.393890e+03	4.575439e+03	0.000000e+00	0.000000e+00	0.000000e+00	-5.128762e-03	8.930907e-01	0.000000e+00	0.000000e+00	-4.498767e-01	1.414850e-02	0.000000e+00	0.000000e+00	-1.397378e+04	0.000000e+00	-6.137721e+04	2.679834e+02	0.000000e+00	0.000000e+00	0.000000e+00	-7.077179e-02	-5.347155e+01	0.000000e+00	0.000000e+00	-8.815693e-01
3.500000e+00	6.522590e+02	-8.814923e+02	0.000000e+00	2.426535e+03	4.531333e+03	0.000000e+00	0.000000e+00	0.000000e+00	-5.134356e-03	8.930329e-01	0.000000e+00	0.000000e+00	-4.499913e-01	1.421237e-02	0.000000e+00	0.000000e+00	-1.397397e+04	0.000000e+00	-6.160969e+04	2.692242e+02	0.000000e+00	0.000000e+00	0.000000e+00	-7.238584e-02	-5.348625e+01	0.000000e+00	0.000000e+00	-8.825308e-01
3.550000e+00	6.509781e+02	-8.802362e+02	0.000000e+00	2.459116e+03	4.487290e+03	0.000000e+00	0.000000e+00	0.000000e+00	-5.140062e-03	8.929751e-01	0.000000e+00	0.000000e+00	-4.501060e-01	1.427671e-02	0.000000e+00	0.000000e+00	-1.397417e+04	0.000000e+00	-6.184165e+04	2.704673e+02	0.000000e+00	0.000000e+00	0.000000e+00	-7.360744e-02	-5.350097e+01	0.000000e+00	0.000000e+00	-8.835116e-01
3.600000e+00	6.496929e+02	-8.789731e+02	0.000000e+00	2.491633e+03	4.443309e+03	0.000000e+00	0.000000e+00	0.000000e+00	-5.145846e-03	8.929173e-01	0.000000e+00	0.000000e+00	-4.502208e-01	1.434141e-02	0.000000e+00	0.000000e+00	-1.397436e+04	0.000000e+00	-6.207307e+04	2.717106e+02	0.000000e+00	0.000000e+00	0.000000e+00	-7.439303e-02	-5.351570e+01	0.000000e+00	0.000000e+00	-8.845058e-01
3.650000e+00	6.484034e+02	-8.777032e+02	0.000000e+00	2.524085e+03	4.399392e+03	0.000000e+00	0.000000e+00	0.000000e+00	-5.151677e-03	8.928593e-01	0.000000e+00	0.000000e+00	-4.503357e-01	1.440644e-02	0.000000e+00	0.000000e+00	-1.397455e+04	0.000000e+00	-6.230394e+04	2.729530e+02	0.000000e+00	0.000000e+00	0.000000e+00	-7.483124e-02	-5.353045e+01	0.000000e+00	0.000000e+00	-8.855080e-01
3.700000e+00	6.471095e+02	-8.764264e+02	0.000000e+00	2.556473e+03	4.355539e+03	0.000000e+00	0.000000e+00	0.000000e+00	-5.157533e-03	8.928013e-01	0.000000e+00	0.000000e+00	-4.504508e-01	1.447188e-02	0.000000e+00	0.000000e+00	-1.397474e+04	0.000000e+00	-6.253423e+04	2.741952e+02	0.000000e+00	0.000000e+00	0.000000e+00	-7.508174e-02	-5.354522e+01	0.000000e+00	0.000000e+00	-8.865147e-01
3.750000e+00	6.458113e+02	-8.751428e+02	0.000000e+00	2.588796e+03	4.311750e+03	0.000000e+00	0.000000e+00	0.000000e+00	-5.163408e-03	8.927431e-01	0.000000e+00	0.000000e+00	-4.505660e-01	1.453781e-02	0.000000e+00	0.000000e+00	-1.397493e+04	0.000000e+00	-6.276395e+04	2.754383e+02	0.000000e+00	0.000000e+00	0.000000e+00	-7.531162e-02	-5.356000e+01	0.000000e+00	0.000000e+00	-8.875244e-01
3.800000e+00	6.445089e+02	-8.738523e+02	0.000000e+00	2.621054e+03	4.268025e+03	0.000000e+00	0.000000e+00	0.000000e+00	-5.169304e-03	8.926849e-01	0.000000e+00	0.000000e+00	-4.506813e-01	1.460433e-02	0.000000e+00	0.000000e+00	-1.397513e+04	0.000000e+00	-6.299306e+04	2.766837e+02	0.000000e+00	0.000000e+00	0.000000e+00	-7.564757e-02	-5.357480e+01	0.000000e+00	0.000000e+00	-8.885379e-01
3.850000e+00	6.432022e+02	-8.725550e+02	0.000000e+00	2.653247e+03	4.224365e+03	0.000000e+00	0.000000e+00	0.000000e+00	-5.175232e-03	8.926267e-01	0.000000e+00	0.000000e+00	-4.507967e-01	1.467154e-02	0.000000e+00	0.000000e+00	-1.397532e+04	0.000000e+00	-6.322155e+04	2.779325e+02	0.000000e+00	0.000000e+00	0.000000e+00	-7.615255e-02	-5.358962e+01	0.000000e+00	0.000000e+00	-8.895569e-01
3.900000e+00	6.418912e+02	-8.712509e+02	0.000000e+00	2.685374e+03	4.180770e+03	0.000000e+00	0.000000e+00	0.000000e+00	-5.181207e-03	8.925683e-01	0.000000e+00	0.000000e+00	-4.509122e-01	1.473948e-02	0.000000e+00	0.000000e+00	-1.397551e+04	0.000000e+00	-6.344941e+04	2.791856e+02	0.000000e+00	0.000000e+00	0.000000e+00	-7.682664e-02	-5.360445e+01	0.000000e+00	0.000000e+00	-8.905839e-01
3.950000e+00	6.405760e+02	-8.699401e+02	0.000000e+00	2.717436e+03	4.137240e+03	0.000000e+00	0.000000e+00	0.000000e+00	-5.187240e-03	8.925098e-01	0.000000e+00	0.000000e+00	-4.510279e-01	1.480813e-02	0.000000e+00	0.000000e+00	-1.397570e+04	0.000000e+00	-6.367662e+04	2.804430e+02	0.000000e+00	0.000000e+00	0.000000e+00	-7.762483e-02	-5.361931e+01	0.000000e+00	0.000000e+00	-8.916208e-01
4.000000e+00	6.392565e+02	-8.686224e+02	0.000000e+00	2.749432e+03	4.093776e+03	0.000000e+00	0.000000e+00	0.000000e+00	-5.193337e-03	8.924513e-01	0.000000e+00	0.000000e+00	-4.511437e-01	1.487750e-02	0.000000e+00	0.000000e+00	-1.397589e+04	0.000000e+00	-6.390316e+04	2.817044e+02	0.000000e+00	0.000000e+00	0.000000e+00	-7.848217e-02	-5.363418e+01	0.000000e+00	0.000000e+00	-8.926690e-01
4.050000e+00	6.379329e+02	-8.672980e+02	0.000000e+00	2.781362e+03	4.050378e+03	0.000000e+00	0.000000e+00	0.000000e+00	-5.199502e-03	8.923927e-01	0.000000e+00	0.000000e+00	-4.512597e-01	1.494754e-02	0.000000e+00	0.000000e+00	-1.397608e+04	0.000000e+00	-6.412902e+04	2.829692e+02	0.000000e+00	0.000000e+00	0.000000e+00	-7.933720e-02	-5.364906e+01	0.000000e+00	0.000000e+00	-8.937286e-01
4.100000e+00	6.366051e+02	-8.659669e+02	0.000000e+00	2.813225e+03	4.007046e+03	0.000000e+00	0.000000e+00	0.000000e+00	-5.205733e-03	8.923340e-01	0.000000e+00	0.000000e+00	-4.513757e-01	1.501822e-02	0.000000e+00	0.000000e+00	-1.397627e+04	0.000000e+00	-6.435419e+04	2.842371e+02	0.000000e+00	0.000000e+00	0.000000e+00	-8.014776e-02	-5.366397e+01	0.000000e+00	0.000000e+00	-8.947995e-01
4.150000e+00	6.352731e+02	-8.646290e+02	0.000000e+00	2.845022e+03	3.963781e+03	0.000000e+00	0.000000e+00	0.000000e+00	-5.212024e-03	8.922752e-01	0.000000e+00	0.000000e+00	-4.514919e-01	1.508952e-02	0.000000e+00	0.000000e+00	-1.397646e+04	0.000000e+00	-6.457863e+04	2.855074e+02	0.000000e+00	0.000000e+00	0.000000e+00	-8.089695e-02	-5.367889e+01	0.000000e+00	0.000000e+00	-8.958809e-01
4.200000e+00	6.339370e+02	-8.632845e+02	0.000000e+00	2.876752e+03	3.920583e+03	0.000000e+00	0.000000e+00	0.000000e+00	-5.218371e-03	8.922163e-01	0.000000e+00	0.000000e+00	-4.516083e-01	1.516145e-02	0.000000e+00	0.000000e+00	-1.397665e+04	0.000000e+00	-6.480235e+04	2.867800e+02	0.000000e+00	0.000000e+00	0.000000e+00	-8.159047e-02	-5.369383e+01	0.000000e+00	0.000000e+00	-8.969720e-01
4.250000e+00	6.325967e+02	-8.619333e+02	0.000000e+00	2.908416e+03	3.877453e+03	0.000000e+00	0.000000e+00	0.000000e+00	-5.224772e-03	8.921574e-01	0.000000e+00	0.000000e+00	-4.517247e-01	1.523399e-02	0.000000e+00	0.000000e+00	-1.397684e+04	0.000000e+00	-6.502532e+04	2.880548e+02	0.000000e+00	0.000000e+00	0.000000e+00	-8.224854e-02	-5.370879e+01	0.000000e+00	0.000000e+00	-8.980721e-01
4.300000e+00	6.312524e+02	-8.605754e+02	0.000000e+00	2.940012e+03	3.834390e+03	0.000000e+00	0.000000e+00	0.000000e+00	-5.231222e-03	8.920983e-01	0.000000e+00	0.000000e+00	-4.518413e-01	1.530719e-02	0.000000e+00	0.000000e+00	-1.397703e+04	0.000000e+00	-6.524752e+04	2.893319e+02	0.000000e+00	0.000000e+00	0.000000e+00	-8.289620e-02	-5.372377e+01	0.000000e+00	0.000000e+00	-8.991809e-01
4.350000e+00	6.299039e+02	-8.592108e+02	0.000000e+00	2.971541e+03	3.791395e+03	0.000000e+00	0.000000e+00	0.000000e+00	-5.237724e-03	8.920392e-01	0.000000e+00	0.000000e+00	-4.519581e-01	1.538104e-02	0.000000e+00	0.000000e+00	-1.397722e+04	0.000000e+00	-6.546894e+04	2.906116e+02	0.000000e+00	0.000000e+00	0.000000e+00	-8.355506e-02	-5.373876e+01	0.000000e+00	0.000000e+00	-9.002985e-01
4.400000e+00	6.285514e+02	-8.578396e+02	0.000000e+00	3.003002e+03	3.748469e+03	0.000000e+00	0.000000e+00	0.000000e+00	-5.244279e-03	8.919800e-01	0.000000e+00	0.000000e+00	-4.520749e-01	1.545558e-02	0.000000e+00	0.000000e+00	-1.397740e+04	0.000000e+00	-6.568957e+04	2.918939e+02	0.000000e+00	0.000000e+00	0.000000e+00	-8.423848e-02	-5.375378e+01	0.000000e+00	0.000000e+00	-9.014251e-01
4.450000e+00	6.271949e+02	-8.564619e+02	0.000000e+00	3.034396e+03	3.705612e+03	0.000000e+00	0.000000e+00	0.000000e+00	-5.250887e-03	8.919206e-01	0.000000e+00	0.000000e+00	-4.521919e-01	1.553081e-02	0.000000e+00	0.000000e+00	-1.397759e+04	0.000000e+00	-6.590937e+04	2.931791e+02	0.000000e+00	0.000000e+00	0.000000e+00	-8.495029e-02	-5.376881e+01	0.000000e+00	0.000000e+00	-9.025611e-01
4.500000e+00	6.258343e+02	-8.550775e+02	0.000000e+00	3.065722e+03	3.662823e+03	0.000000e+00	0.000000e+00	0.000000e+00	-5.257553e-03	8.918612e-01	0.000000e+00	0.000000e+00	-4.523091e-01	1.560674e-02	0.000000e+00	0.000000e+00	-1.397778e+04	0.000000e+00	-6.612835e+04	2.944670e+02	0.000000e+00	0.000000e+00	0.000000e+00	-8.568660e-02	-5.378386e+01	0.000000e+00	0.000000e+00	-9.037067e-01
4.550000e+00	6.244698e+02	-8.536865e+02	0.000000e+00	3.096979e+03	3.620104e+03	0.000000e+00	0.000000e+00	0.000000e+00	-5.264276e-03	8.918017e-01	0.000000e+00	0.000000e+00	-4.524264e-01	1.568338e-02	0.000000e+00	0.000000e+00	-1.397797e+04	0.000000e+00	-6.634648e+04	2.957578e+02	0.000000e+00	0.000000e+00	0.000000e+00	-8.643909e-02	-5.379893e+01	0.000000e+00	0.000000e+00	-9.048624e-01
4.600000e+00	6.231012e+02	-8.522891e+02	0.000000e+00	3.128169e+03	3.577454e+03	0.000000e+00	0.000000e+00	0.000000e+00	-5.271059e-03	8.917422e-01	0.000000e+00	0.000000e+00	-4.525438e-01	1.576072e-02	0.000000e+00	0.000000e+00	-1.397815e+04	0.000000e+00	-6.656375e+04	2.970513e+02	0.000000e+00	0.000000e+00	0.000000e+00	-8.719863e-02	-5.381402e+01	0.000000e+00	0.000000e+00	-9.060283e-01
4.650000e+00	6.217287e+02	-8.508851e+02	0.000000e+00	3.159289e+03	3.534875e+03	0.000000e+00	0.000000e+00	0.000000e+00	-5.277901e-03	8.916825e-01	0.000000e+00	0.000000e+00	-4.526614e-01	1.583877e-02	0.000000e+00	0.000000e+00	-1.397834e+04	0.000000e+00	-6.678013e+04	2.983473e+02	0.000000e+00	0.000000e+00	0.000000e+00	-8.795795e-02	-5.382913e+01	0.000000e+00	0.000000e+00	-9.072044e-01
4.700000e+00	6.203523e+02	-8.494746e+02	0.000000e+00	3.190341e+03	3.492366e+03	0.000000e+00	0.000000e+00	0.000000e+00	-5.284802e-03	8.916227e-01	0.000000e+00	0.000000e+00	-4.527791e-01	1.591753e-02	0.000000e+00	0.000000e+00	-1.397853e+04	0.000000e+00	-6.699561e+04	2.996459e+02	0.000000e+00	0.000000e+00	0.000000e+00	-8.871309e-02	-5.384426e+01	0.000000e+00	0.000000e+00	-9.083906e-01
4.750000e+00	6.189719e+02	-8.480576e+02	0.000000e+00	3.221325e+03	3.449928e+03	0.000000e+00	0.000000e+00	0.000000e+00	-5.291762e-03	8.915628e-01	0.000000e+00	0.000000e+00	-4.528970e-01	1.599701e-02	0.000000e+00	0.000000e+00	-1.397871e+04	0.000000e+00	-6.721018e+04	3.009469e+02	0.000000e+00	0.000000e+00	0.000000e+00	-8.946349e-02	-5.385941e+01	0.000000e+00	0.000000e+00	-9.095869e-01
4.800000e+00	6.175877e+02	-8.466342e+02	0.000000e+00	3.252239e+03	3.407560e+03	0.000000e+00	0.000000e+00	0.000000e+00	-5.298781e-03	8.915029e-01	0.000000e+00	0.000000e+00	-4.530150e-01	1.607719e-02	0.000000e+00	0.000000e+00	-1.397890e+04	0.000000e+00	-6.742382e+04	3.022503e+02	0.000000e+00	0.000000e+00	0.000000e+00	-9.021112e-02	-5.387458e+01	0.000000e+00	0.000000e+00	-9.107933e-01
4.850000e+00	6.161996e+02	-8.452043e+02	0.000000e+00	3.283083e+03	3.365264e+03	0.000000e+00	0.000000e+00	0.000000e+00	-5.305858e-03	8.914428e-01	0.000000e+00	0.000000e+00	-4.531332e-01	1.615811e-02	0.000000e+00	0.000000e+00	-1.397909e+04	0.000000e+00	-6.763651e+04	3.035561e+02	0.000000e+00	0.000000e+00	0.000000e+00	-9.095922e-02	-5.388977e+01	0.000000e+00	0.000000e+00	-9.120098e-01
4.900000e+00	6.148076e+02	-8.437681e+02	0.000000e+00	3.313858e+03	3.323040e+03	0.000000e+00	0.000000e+00	0.000000e+00	-5.312993e-03	8.913827e-01	0.000000e+00	0.000000e+00	-4.532515e-01	1.623975e-02	0.000000e+00	0.000000e+00	-1.397927e+04	0.000000e+00	-6.784823e+04	3.048643e+02	0.000000e+00	0.000000e+00	0.000000e+00	-9.171101e-02	-5.390498e+01	0.000000e+00	0.000000e+00	-9.132363e-01
4.950000e+00	6.134119e+02	-8.423254e+02	0.000000e+00	3.344564e+03	3.280888e+03	0.000000e+00	0.000000e+00	0.000000e+00	-5.320188e-03	8.913224e-01	0.000000e+00	0.000000e+00	-4.533700e-01	1.632213e-02	0.000000e+00	0.000000e+00	-1.397946e+04	0.000000e+00	-6.805897e+04	3.061747e+02	0.000000e+00	0.000000e+00	0.000000e+00	-9.246886e-02	-5.392021e+01	0.000000e+00	0.000000e+00	-9.144729e-01
5.000000e+00	6.120123e+02	-8.408764e+02	0.000000e+00	3.375200e+03	3.238808e+03	0.000000e+00	0.000000e+00	0.000000e+00	-5.327442e-03	8.912621e-01	0.000000e+00	0.000000e+00	-4.534886e-01	1.640525e-02	0.000000e+00	0.000000e+00	-1.397964e+04	0.000000e+00	-6.826871e+04	3.074876e+02	0.000000e+00	0.000000e+00	0.000000e+00	-9.323393e-02	-5.393547e+01	0.000000e+00	0.000000e+00	-9.157198e-01
5.050000e+00	6.106090e+02	-8.394211e+02	0.000000e+00	3.405765e+03	3.196800e+03	0.000000e+00	0.000000e+00	0.000000e+00	-5.334756e-03	8.912016e-01	0.000000e+00	0.000000e+00	-4.536074e-01	1.648913e-02	0.000000e+00	0.000000e+00	-1.397982e+04	0.000000e+00	-6.847744e+04	3.088027e+02	0.000000e+00	0.000000e+00	0.000000e+00	-9.400617e-02	-5.395074e+01	0.000000e+00	0.000000e+00	-9.169770e-01
5.100000e+00	6.092020e+02	-8.379595e+02	0.000000e+00	3.436260e+03	3.154866e+03	0.000000e+00	0.000000e+00	0.000000e+00	-5.342130e-03	8.911411e-01	0.000000e+00	0.000000e+00	-4.537264e-01	1.657376e-02	0.000000e+00	0.000000e+00	-1.398001e+04	0.000000e+00	-6.868513e+04	3.101202e+02	0.000000e+00	0.000000e+00	0.000000e+00	-9.478477e-02	-5.396603e+01	0.000000e+00	0.000000e+00	-9.182446e-01
5.150000e+00	6.077912e+02	-8.364916e+02	0.000000e+00	3.466685e+03	3.113004e+03	0.000000e+00	0.000000e+00	0.000000e+00	-5.349566e-03	8.910804e-01	0.000000e+00	0.000000e+00	-4.538454e-01	1.665916e-02	0.000000e+00	0.000000e+00	-1.398019e+04	0.000000e+00	-6.889177e+04	3.114399e+02	0.000000e+00	0.000000e+00	0.000000e+00	-9.556855e-02	-5.398135e+01	0.000000e+00	0.000000e+00	-9.195227e-01
5.200000e+00	6.063767e+02	-8.350174e+02	0.000000e+00	3.497039e+03	3.071217e+03	0.000000e+00	0.000000e+00	0.000000e+00	-5.357063e-03	8.910197e-01	0.000000e+00	0.000000e+00	-4.539647e-01	1.674533e-02	0.000000e+00	0.000000e+00	-1.398037e+04	0.000000e+00	-6.909734e+04	3.127618e+02	0.000000e+00	0.000000e+00	0.000000e+00	-9.635647e-02	-5.399668e+01	0.000000e+00	0.000000e+00	-9.208113e-01
5.250000e+00	6.049586e+02	-8.335370e+02	0.000000e+00	3.527323e+03	3.029503e+03	0.000000e+00	0.000000e+00	0.000000e+00	-5.364622e-03	8.909588e-01	0.000000e+00	0.000000e+00	-4.540841e-01	1.683227e-02	0.000000e+00	0.000000e+00	-1.398056e+04	0.000000e+00	-6.930183e+04	3.140859e+02	0.000000e+00	0.000000e+00	0.000000e+00	-9.714778e-02	-5.401204e+01	0.000000e+00	0.000000e+00	-9.221106e-01
5.300000e+00	6.035368e+02	-8.320505e+02	0.000000e+00	3.557535e+03	2.987863e+03	0.000000e+00	0.000000e+00	0.000000e+00	-5.372243e-03	8.908979e-01	0.000000e+00	0.000000e+00	-4.542037e-01	1.691998e-02	0.000000e+00	0.000000e+00	-1.398074e+04	0.000000e+00	-6.950522e+04	3.154122e+02	0.000000e+00	0.000000e+00	0.000000e+00	-9.794222e-02	-5.402742e+01	0.000000e+00	0.000000e+00	-9.234205e-01
5.350000e+00	6.021114e+02	-8.305578e+02	0.000000e+00	3.587677e+03	2.946298e+03	0.000000e+00	0.000000e+00	0.000000e+00	-5.379925e-03	8.908368e-01	0.000000e+00	0.000000e+00	-4.543234e-01	1.700849e-02	0.000000e+00	0.000000e+00	-1.398092e+04	0.000000e+00	-6.970749e+04	3.167405e+02	0.000000e+00	0.000000e+00	0.000000e+00	-9.873989e-02	-5.404282e+01	0.000000e+00	0.000000e+00	-9.247411e-01
5.400000e+00	6.006825e+02	-8.290589e+02	0.000000e+00	3.617746e+03	2.904807e+03	0.000000e+00	0.000000e+00	0.000000e+00	-5.387671e-03	8.907757e-01	0.000000e+00	0.000000e+00	-4.544433e-01	1.709778e-02	0.000000e+00	0.000000e+00	-1.398110e+04	0.000000e+00	-6.990863e+04	3.180708e+02	0.000000e+00	0.000000e+00	0.000000e+00	-9.954113e-02	-5.405824e+01	0.000000e+00	0.000000e+00	-9.260724e-01
5.450000e+00	5.992500e+02	-8.275539e+02	0.000000e+00	3.647745e+03	2.863392e+03	0.000000e+00	0.000000e+00	0.000000e+00	-5.395479e-03	8.907144e-01	0.000000e+00	0.000000e+00	-4.545634e-01	1.718787e-02	0.000000e+00	0.000000e+00	-1.398129e+04	0.000000e+00	-7.010862e+04	3.194032e+02	0.000000e+00	0.000000e+00	0.000000e+00	-1.003464e-01	-5.407369e+01	0.000000e+00	0.000000e+00	-9.274145e-01
5.500000e+00	5.978139e+02	-8.260429e+02	0.000000e+00	3.677671e+03	2.822052e+03	0.000000e+00	0.000000e+00	0.000000e+00	-5.403350e-03	8.906530e-01	0.000000e+00	0.000000e+00	-4.546836e-01	1.727876e-02	0.000000e+00	0.000000e+00	-1.398147e+04	0.000000e+00	-7.030744e+04	3.207375e+02	0.000000e+00	0.000000e+00	0.000000e+00	-1.011560e-01	-5.408916e+01	0.000000e+00	0.000000e+00	-9.287675e-01
5.550000e+00	5.963744e+02	-8.245258e+02	0.000000e+00	3.707526e+03	2.780788e+03	0.000000e+00	0.000000e+00	0.000000e+00	-5.411285e-03	8.905916e-01	0.000000e+00	0.000000e+00	-4.548040e-01	1.737046e-02	0.000000e+00	0.000000e+00	-1.398165e+04	0.000000e+00	-7.050508e+04	3.220737e+02	0.000000e+00	0.000000e+00	0.000000e+00	-1.019702e-01	-5.410465e+01	0.000000e+00	0.000000e+00	-9.301313e-01
5.600000e+00	5.949314e+02	-8.230027e+02	0.000000e+00	3.737309e+03	2.739600e+03	0.000000e+00	0.000000e+00	0.000000e+00	-5.419283e-03	8.905300e-01	0.000000e+00	0.000000e+00	-4.549246e-01	1.746298e-02	0.000000e+00	0.000000e+00	-1.398183e+04	0.000000e+00	-7.070151e+04	3.234119e+02	0.000000e+00	0.000000e+00	0.000000e+00	-1.027891e-01	-5.412016e+01	0.000000e+00	0.000000e+00	-9.315061e-01
5.650000e+00	5.934849e+02	-8.214737e+02	0.000000e+00	3.767019e+03	2.698488e+03	0.000000e+00	0.000000e+00	0.000000e+00	-5.427346e-03	8.904683e-01	0.000000e+00	0.000000e+00	-4.550453e-01	1.755632e-02	0.000000e+00	0.000000e+00	-1.398201e+04	0.000000e+00	-7.089673e+04	3.247519e+02	0.000000e+00	0.000000e+00	0.000000e+00	-1.036127e-01	-5.413570e+01	0.000000e+00	0.000000e+00	-9.328920e-01
5.700000e+00	5.920350e+02	-8.199386e+02	0.000000e+00	3.796657e+03	2.657452e+03	0.000000e+00	0.000000e+00	0.000000e+00	-5.435473e-03	8.904065e-01	0.000000e+00	0.000000e+00	-4.551662e-01	1.765048e-02	0.000000e+00	0.000000e+00	-1.398219e+04	0.000000e+00	-7.109072e+04	3.260937e+02	0.000000e+00	0.000000e+00	0.000000e+00	-1.044408e-01	-5.415126e+01	0.000000e+00	0.000000e+00	-9.342889e-01
5.750000e+00	5.905818e+02	-8.183977e+02	0.000000e+00	3.826223e+03	2.616494e+03	0.000000e+00	0.000000e+00	0.000000e+00	-5.443665e-03	8.903446e-01	0.000000e+00	0.000000e+00	-4.552873e-01	1.774548e-02	0.000000e+00	0.000000e+00	-1.398237e+04	0.000000e+00	-7.128345e+04	3.274373e+02	0.000000e+00	0.000000e+00	0.000000e+00	-1.052733e-01	-5.416684e+01	0.000000e+00	0.000000e+00	-9.356970e-01
5.800000e+00	5.891252e+02	-8.168509e+02	0.000000e+00	3.855715e+03	2.575613e+03	0.000000e+00	0.000000e+00	0.000000e+00	-5.451922e-03	8.902826e-01	0.000000e+00	0.000000e+00	-4.554086e-01	1.784132e-02	0.000000e+00	0.000000e+00	-1.398255e+04	0.000000e+00	-7.147492e+04	3.287827e+02	0.000000e+00	0.000000e+00	0.000000e+00	-1.061102e-01	-5.418245e+01	0.000000e+00	0.000000e+00	-9.371163e-01
5.850000e+00	5.876652e+02	-8.152982e+02	0.000000e+00	3.885135e+03	2.534809e+03	0.000000e+00	0.000000e+00	0.000000e+00	-5.460244e-03	8.902204e-01	0.000000e+00	0.000000e+00	-4.555300e-01	1.793800e-02	0.000000e+00	0.000000e+00	-1.398273e+04	0.000000e+00	-7.166511e+04	3.301297e+02	0.000000e+00	0.000000e+00	0.000000e+00	-1.069513e-01	-5.419808e+01	0.000000e+00	0.000000e+00	-9.385469e-01
5.900000e+00	5.862020e+02	-8.137397e+02	0.000000e+00	3.914482e+03	2.494083e+03	0.000000e+00	0.000000e+00	0.000000e+00	-5.468633e-03	8.901582e-01	0.000000e+00	0.000000e+00	-4.556516e-01	1.803554e-02	0.000000e+00	0.000000e+00	-1.398291e+04	0.000000e+00	-7.185400e+04	3.314783e+02	0.000000e+00	0.000000e+00	0.000000e+00	-1.077967e-01	-5.421373e+01	0.000000e+00	0.000000e+00	-9.399888e-01
5.950000e+00	5.847355e+02	-8.121755e+02	0.000000e+00	3.943755e+03	2.453435e+03	0.000000e+00	0.000000e+00	0.000000e+00	-5.477088e-03	8.900959e-01	0.000000e+00	0.000000e+00	-4.557734e-01	1.813394e-02	0.000000e+00	0.000000e+00	-1.398309e+04	0.000000e+00	-7.204157e+04	3.328286e+02	0.000000e+00	0.000000e+00	0.000000e+00	-1.086464e-01	-5.422941e+01	0.000000e+00	0.000000e+00	-9.414420e-01
6.000000e+00	5.832658e+02	-8.106055e+02	0.000000e+00	3.972955e+03	2.412865e+03	0.000000e+00	0.000000e+00	0.000000e+00	-5.485609e-03	8.900334e-01	0.000000e+00	0.000000e+00	-4.558954e-01	1.823320e-02	0.000000e+00	0.000000e+00	-1.398326e+04	0.000000e+00	-7.222781e+04	3.341803e+02	0.000000e+00	0.000000e+00	0.000000e+00	-1.095005e-01	-5.424512e+01	0.000000e+00	0.000000e+00	-9.429067e-01
6.050000e+00	5.817928e+02	-8.090298e+02	0.000000e+00	4.002082e+03	2.372375e+03	0.000000e+00	0.000000e+00	0.000000e+00	-5.494197e-03	8.899708e-01	0.000000e+00	0.000000e+00	-4.560175e-01	1.833333e-02	0.000000e+00	0.000000e+00	-1.398344e+04	0.000000e+00	-7.241271e+04	3.355336e+02	0.000000e+00	0.000000e+00	0.000000e+00	-1.103589e-01	-5.426084e+01	0.000000e+00	0.000000e+00	-9.443829e-01
6.100000e+00	5.803168e+02	-8.074484e+02	0.000000e+00	4.031134e+03	2.331963e+03	0.000000e+00	0.000000e+00	0.000000e+00	-5.502853e-03	8.899081e-01	0.000000e+00	0.000000e+00	-4.561398e-01	1.843433e-02	0.000000e+00	0.000000e+00	-1.398362e+04	0.000000e+00	-7.259625e+04	3.368884e+02	0.000000e+00	0.000000e+00	0.000000e+00	-1.112219e-01	-5.427659e+01	0.000000e+00	0.000000e+00	-9.458707e-01
6.150000e+00	5.788375e+02	-8.058614e+02	0.000000e+00	4.060113e+03	2.291630e+03	0.000000e+00	0.000000e+00	0.000000e+00	-5.511576e-03	8.898453e-01	0.000000e+00	0.000000e+00	-4.562624e-01	1.853623e-02	0.000000e+00	0.000000e+00	-1.398380e+04	0.000000e+00	-7.277840e+04	3.382445e+02	0.000000e+00	0.000000e+00	0.000000e+00	-1.120893e-01	-5.429237e+01	0.000000e+00	0.000000e+00	-9.473701e-01
6.200000e+00	5.773552e+02	-8.042687e+02	0.000000e+00	4.089018e+03	2.251376e+03	0.000000e+00	0.000000e+00	0.000000e+00	-5.520367e-03	8.897824e-01	0.000000e+00	0.000000e+00	-4.563851e-01	1.863901e-02	0.000000e+00	0.000000e+00	-1.398397e+04	0.000000e+00	-7.295917e+04	3.396020e+02	0.000000e+00	0.000000e+00	0.000000e+00	-1.129612e-01	-5.430817e+01	0.000000e+00	0.000000e+00	-9.488812e-01
6.250000e+00	5.758698e+02	-8.026705e+02	0.000000e+00	4.117849e+03	2.211203e+03	0.000000e+00	0.000000e+00	0.000000e+00	-5.529226e-03	8.897193e-01	0.000000e+00	0.000000e+00	-4.565080e-01	1.874269e-02	0.000000e+00	0.000000e+00	-1.398415e+04	0.000000e+00	-7.313852e+04	3.409609e+02	0.000000e+00	0.000000e+00	0.000000e+00	-1.138376e-01	-5.432400e+01	0.000000e+00	0.000000e+00	-9.504040e-01
6.300000e+00	5.743813e+02	-8.010668e+02	0.000000e+00	4.146605e+03	2.171110e+03	0.000000e+00	0.000000e+00	0.000000e+00	-5.538154e-03	8.896562e-01	0.000000e+00	0.000000e+00	-4.566310e-01	1.884727e-02	0.000000e+00	0.000000e+00	-1.398432e+04	0.000000e+00	-7.331645e+04	3.423209e+02	0.000000e+00	0.000000e+00	0.000000e+00	-1.147184e-01	-5.433985e+01	0.000000e+00	0.000000e+00	-9.519386e-01
6.350000e+00	5.728899e+02	-7.994576e+02	0.000000e+00	4.175287e+03	2.131096e+03	0.000000e+00	0.000000e+00	0.000000e+00	-5.547151e-03	8.895929e-01	0.000000e+00	0.000000e+00	-4.567543e-01	1.895276e-02	0.000000e+00	0.000000e+00	-1.398450e+04	0.000000e+00	-7.349295e+04	3.436822e+02	0.000000e+00	0.000000e+00	0.000000e+00	-1.156038e-01	-5.435573e+01	0.000000e+00	0.000000e+00	-9.534850e-01
6.400000e+00	5.713955e+02	-7.978430e+02	0.000000e+00	4.203894e+03	2.091164e+03	0.000000e+00	0.000000e+00	0.000000e+00	-5.556217e-03	8.895295e-01	0.000000e+00	0.000000e+00	-4.568778e-01	1.905917e-02	0.000000e+00	0.000000e+00	-1.398468e+04	0.000000e+00	-7.366799e+04	3.450447e+02	0.000000e+00	0.000000e+00	0.000000e+00	-1.164937e-01	-5.437164e+01	0.000000e+00	0.000000e+00	-9.550434e-01
6.450000e+00	5.698981e+02	-7.962229e+02	0.000000e+00	4.232426e+03	2.051312e+03	0.000000e+00	0.000000e+00	0.000000e+00	-5.565353e-03	8.894660e-01	0.000000e+00	0.000000e+00	-4.570014e-01	1.916651e-02	0.000000e+00	0.000000e+00	-1.398485e+04	0.000000e+00	-7.384156e+04	3.464083e+02	0.000000e+00	0.000000e+00	0.000000e+00	-1.173880e-01	-5.438757e+01	0.000000e+00	0.000000e+00	-9.566138e-01
6.500000e+00	5.683979e+02	-7.945975e+02	0.000000e+00	4.260884e+03	2.011542e+03	0.000000e+00	0.000000e+00	0.000000e+00	-5.574559e-03	8.894023e-01	0.000000e+00	0.000000e+00	-4.571253e-01	1.927477e-02	0.000000e+00	0.000000e+00	-1.398502e+04	0.000000e+00	-7.401364e+04	3.477729e+02	0.000000e+00	0.000000e+00	0.000000e+00	-1.182869e-01	-5.440352e+01	0.000000e+00	0.000000e+00	-9.581961e-01
6.550000e+00	5.668947e+02	-7.929668e+02	0.000000e+00	4.289266e+03	1.971853e+03	0.000000e+00	0.000000e+00	0.000000e+00	-5.583836e-03	8.893385e-01	0.000000e+00	0.000000e+00	-4.572493e-01	1.938397e-02	0.000000e+00	0.000000e+00	-1.398520e+04	0.000000e+00	-7.418423e+04	3.491385e+02	0.000000e+00	0.000000e+00	0.000000e+00	-1.191902e-01	-5.441951e+01	0.000000e+00	0.000000e+00	-9.597906e-01
6.600000e+00	5.653888e+02	-7.913307e+02	0.000000e+00	4.317573e+03	1.932245e+03	0.000000e+00	0.000000e+00	0.000000e+00	-5.593183e-03	8.892747e-01	0.000000e+00	0.000000e+00	-4.573736e-01	1.949411e-02	0.000000e+00	0.000000e+00	-1.398537e+04	0.000000e+00	-7.435331e+04	3.505052e+02	0.000000e+00	0.000000e+00	0.000000e+00	-1.200980e-01	-5.443552e+01	0.000000e+00	0.000000e+00	-9.613973e-01
6.650000e+00	5.638800e+02	-7.896895e+02	0.000000e+00	4.345805e+03	1.892720e+03	0.000000e+00	0.000000e+00	0.000000e+00	-5.602601e-03	8.892106e-01	0.000000e+00	0.000000e+00	-4.574980e-01	1.960521e-02	0.000000e+00	0.000000e+00	-1.398555e+04	0.000000e+00	-7.452086e+04	3.518727e+02	0.000000e+00	0.000000e+00	0.000000e+00	-1.210104e-01	-5.445155e+01	0.000000e+00	0.000000e+00	-9.630162e-01
6.700000e+00	5.623685e+02	-7.880430e+02	0.000000e+00	4.373961e+03	1.853276e+03	0.000000e+00	0.000000e+00	0.000000e+00	-5.612091e-03	8.891465e-01	0.000000e+00	0.000000e+00	-4.576227e-01	1.971726e-02	0.000000e+00	0.000000e+00	-1.398572e+04	0.000000e+00	-7.468687e+04	3.532410e+02	0.000000e+00	0.000000e+00	0.000000e+00	-1.219273e-01	-5.446762e+01	0.000000e+00	0.000000e+00	-9.646474e-01
6.750000e+00	5.608542e+02	-7.863913e+02	0.000000e+00	4.402042e+03	1.813915e+03	0.000000e+00	0.000000e+00	0.000000e+00	-5.621652e-03	8.890822e-01	0.000000e+00	0.000000e+00	-4.577475e-01	1.983028e-02	0.000000e+00	0.000000e+00	-1.398589e+04	0.000000e+00	-7.485132e+04	3.546102e+02	0.000000e+00	0.000000e+00	0.000000e+00	-1.228487e-01	-5.448371e+01	0.000000e+00	0.000000e+00	-9.662909e-01
6.800000e+00	5.593372e+02	-7.847345e+02	0.000000e+00	4.430047e+03	1.774637e+03	0.000000e+00	0.000000e+00	0.000000e+00	-5.631286e-03	8.890178e-01	0.000000e+00	0.000000e+00	-4.578726e-01	1.994426e-02	0.000000e+00	0.000000e+00	-1.398606e+04	0.000000e+00	-7.501421e+04	3.559801e+02	0.000000e+00	0.000000e+00	0.000000e+00	-1.237747e-01	-5.449983e+01	0.000000e+00	0.000000e+00	-9.679468e-01
6.850000e+00	5.578176e+02	-7.830727e+02	0.000000e+00	4.457975e+03	1.735442e+03	0.000000e+00	0.000000e+00	0.000000e+00	-5.640992e-03	8.889533e-01	0.000000e+00	0.000000e+00	-4.579978e-01	2.005923e-02	0.000000e+00	0.000000e+00	-1.398624e+04	0.000000e+00	-7.517552e+04	3.573507e+02	0.000000e+00	0.000000e+00	0.000000e+00	-1.247052e-01	-5.451597e+01	0.000000e+00	0.000000e+00	-9.696151e-01
6.900000e+00	5.562954e+02	-7.814058e+02	0.000000e+00	4.485828e+03	1.696330e+03	0.000000e+00	0.000000e+00	0.000000e+00	-5.650771e-03	8.888887e-01	0.000000e+00	0.000000e+00	-4.581233e-01	2.017518e-02	0.000000e+00	0.000000e+00	-1.398641e+04	0.000000e+00	-7.533524e+04	3.587220e+02	0.000000e+00	0.000000e+00	0.000000e+00	-1.256402e-01	-5.453215e+01	0.000000e+00	0.000000e+00	-9.712960e-01
6.950000e+00	5.547705e+02	-7.797339e+02	0.000000e+00	4.513605e+03	1.657301e+03	0.000000e+00	0.000000e+00	0.000000e+00	-5.660624e-03	8.888239e-01	0.000000e+00	0.000000e+00	-4.582490e-01	2.029213e-02	0.000000e+00	0.000000e+00	-1.398658e+04	0.000000e+00	-7.549334e+04	3.600939e+02	0.000000e+00	0.000000e+00	0.000000e+00	-1.265798e-01	-5.454835e+01	0.000000e+00	0.000000e+00	-9.729895e-01
7.000000e+00	5.532432e+02	-7.780571e+02	0.000000e+00	4.541305e+03	1.618357e+03	0.000000e+00	0.000000e+00	0.000000e+00	-5.670550e-03	8.887590e-01	0.000000e+00	0.000000e+00	-4.583749e-01	2.041008e-02	0.000000e+00	0.000000e+00	-1.398675e+04	0.000000e+00	-7.564983e+04	3.614662e+02	0.000000e+00	0.000000e+00	0.000000e+00	-1.275239e-01	-5.456458e+01	0.000000e+00	0.000000e+00	-9.746957e-01
7.050000e+00	5.517133e+02	-7.763753e+02	0.000000e+00	4.568929e+03	1.579496e+03	0.000000e+00	0.000000e+00	0.000000e+00	-5.680549e-03	8.886939e-01	0.000000e+00	0.000000e+00	-4.585010e-01	2.052903e-02	0.000000e+00	0.000000e+00	-1.398692e+04	0.000000e+00	-7.580469e+04	3.628391e+02	0.000000e+00	0.000000e+00	0.000000e+00	-1.284725e-01	-5.458084e+01	0.000000e+00	0.000000e+00	-9.764145e-01
7.100000e+00	5.501809e+02	-7.746887e+02	0.000000e+00	4.596477e+03	1.540719e+03	0.000000e+00	0.000000e+00	0.000000e+00	-5.690624e-03	8.886287e-01	0.000000e+00	0.000000e+00	-4.586273e-01	2.064900e-02	0.000000e+00	0.000000e+00	-1.398709e+04	0.000000e+00	-7.595791e+04	3.642124e+02	0.000000e+00	0.000000e+00	0.000000e+00	-1.294257e-01	-5.459713e+01	0.000000e+00	0.000000e+00	-9.781461e-01
7.150000e+00	5.486461e+02	-7.729973e+02	0.000000e+00	4.623947e+03	1.502027e+03	0.000000e+00	0.000000e+00	0.000000e+00	-5.700772e-03	8.885634e-01	0.000000e+00	0.000000e+00	-4.587538e-01	2.076999e-02	0.000000e+00	0.000000e+00	-1.398726e+04	0.000000e+00	-7.610947e+04	3.655861e+02	0.000000e+00	0.000000e+00	0.000000e+00	-1.303834e-01	-5.461345e+01	0.000000e+00	0.000000e+00	-9.798906e-01
7.200000e+00	5.471089e+02	-7.713011e+02	0.000000e+00	4.651341e+03	1.463420e+03	0.000000e+00	0.000000e+00	0.000000e+00	-5.710996e-03	8.884980e-01	0.000000e+00	0.000000e+00	-4.588806e-01	2.089202e-02	0.000000e+00	0.000000e+00	-1.398743e+04	0.000000e+00	-7.625936e+04	3.669601e+02	0.000000e+00	0.000000e+00	0.000000e+00	-1.313457e-01	-5.462979e+01	0.000000e+00	0.000000e+00	-9.816479e-01
7.250000e+00	5.455694e+02	-7.696002e+02	0.000000e+00	4.678658e+03	1.424897e+03	0.000000e+00	0.000000e+00	0.000000e+00	-5.721295e-03	8.884324e-01	0.000000e+00	0.000000e+00	-4.590075e-01	2.101508e-02	0.000000e+00	0.000000e+00	-1.398760e+04	0.000000e+00	-7.640758e+04	3.683343e+02	0.000000e+00	0.000000e+00	0.000000e+00	-1.323124e-01	-5.464617e+01	0.000000e+00	0.000000e+00	-9.834182e-01
7.300000e+00	5.440275e+02	-7.678946e+02	0.000000e+00	4.705898e+03	1.386460e+03	0.000000e+00	0.000000e+00	0.000000e+00	-5.731670e-03	8.883667e-01	0.000000e+00	0.000000e+00	-4.591347e-01	2.113919e-02	0.000000e+00	0.000000e+00	-1.398777e+04	0.000000e+00	-7.655411e+04	3.697088e+02	0.000000e+00	0.000000e+00	0.000000e+00	-1.332837e-01	-5.466257e+01	0.000000e+00	0.000000e+00	-9.852015e-01
7.350000e+00	5.424833e+02	-7.661843e+02	0.000000e+00	4.733061e+03	1.348108e+03	0.000000e+00	0.000000e+00	0.000000e+00	-5.742121e-03	8.883008e-01	0.000000e+00	0.000000e+00	-4.592621e-01	2.126435e-02	0.000000e+00	0.000000e+00	-1.398794e+04	0.000000e+00	-7.669893e+04	3.710835e+02	0.000000e+00	0.000000e+00	0.000000e+00	-1.342596e-01	-5.467901e+01	0.000000e+00	0.000000e+00	-9.869979e-01
7.400000e+00	5.409369e+02	-7.644695e+02	0.000000e+00	4.760146e+03	1.309841e+03	0.000000e+00	0.000000e+00	0.000000e+00	-5.752648e-03	8.882348e-01	0.000000e+00	0.000000e+00	-4.593897e-01	2.139057e-02	0.000000e+00	0.000000e+00	-1.398810e+04	0.000000e+00	-7.684205e+04	3.724582e+02	0.000000e+00	0.000000e+00	0.000000e+00	-1.352399e-01	-5.469547e+01	0.000000e+00	0.000000e+00	-9.888074e-01
7.450000e+00	5.393882e+02	-7.627502e+02	0.000000e+00	4.787154e+03	1.271661e+03	0.000000e+00	0.000000e+00	0.000000e+00	-5.763252e-03	8.881687e-01	0.000000e+00	0.000000e+00	-4.595176e-01	2.151786e-02	0.000000e+00	0.000000e+00	-1.398827e+04	0.000000e+00	-7.698345e+04	3.738330e+02	0.000000e+00	0.000000e+00	0.000000e+00	-1.362248e-01	-5.471197e+01	0.000000e+00	0.000000e+00	-9.906301e-01
7.500000e+00	5.378374e+02	-7.610263e+02	0.000000e+00	4.814085e+03	1.233566e+03	0.000000e+00	0.000000e+00	0.000000e+00	-5.773933e-03	8.881024e-01	0.000000e+00	0.000000e+00	-4.596457e-01	2.164624e-02	0.000000e+00	0.000000e+00	-1.398844e+04	0.000000e+00	-7.712312e+04	3.752078e+02	0.000000e+00	0.000000e+00	0.000000e+00	-1.372141e-01	-5.472849e+01	0.000000e+00	0.000000e+00	-9.924660e-01
7.550000e+00	5.362845e+02	-7.592980e+02	0.000000e+00	4.840938e+03	1.195558e+03	0.000000e+00	0.000000e+00	0.000000e+00	-5.784692e-03	8.880360e-01	0.000000e+00	0.000000e+00	-4.597740e-01	2.177569e-02	0.000000e+00	0.000000e+00	-1.398861e+04	0.000000e+00	-7.726106e+04	3.765825e+02	0.000000e+00	0.000000e+00	0.000000e+00	-1.382080e-01	-5.474505e+01	0.000000e+00	0.000000e+00	-9.943153e-01
7.600000e+00	5.347295e+02	-7.575653e+02	0.000000e+00	4.867714e+03	1.157637e+03	0.000000e+00	0.000000e+00	0.000000e+00	-5.795528e-03	8.879694e-01	0.000000e+00	0.000000e+00	-4.599025e-01	2.190625e-02	0.000000e+00	0.000000e+00	-1.398877e+04	0.000000e+00	-7.739724e+04	3.779572e+02	0.000000e+00	0.000000e+00	0.000000e+00	-1.392064e-01	-5.476164e+01	0.000000e+00	0.000000e+00	-9.961780e-01
7.650000e+00	5.331724e+02	-7.558282e+02	0.000000e+00	4.894411e+03	1.119802e+03	0.000000e+00	0.000000e+00	0.000000e+00	-5.806443e-03	8.879027e-01	0.000000e+00	0.000000e+00	-4.600313e-01	2.203790e-02	0.000000e+00	0.000000e+00	-1.398894e+04	0.000000e+00	-7.753168e+04	3.793316e+02	0.000000e+00	0.000000e+00	0.000000e+00	-1.402092e-01	-5.477826e+01	0.000000e+00	0.000000e+00	-9.980541e-01
7.700000e+00	5.316133e+02	-7.540869e+02	0.000000e+00	4.921031e+03	1.082054e+03	0.000000e+00	0.000000e+00	0.000000e+00	-5.817436e-03	8.878358e-01	0.000000e+00	0.000000e+00	-4.601603e-01	2.217067e-02	0.000000e+00	0.000000e+00	-1.398910e+04	0.000000e+00	-7.766434e+04	3.807059e+02	0.000000e+00	0.000000e+00	0.000000e+00	-1.412165e-01	-5.479491e+01	0.000000e+00	0.000000e+00	-9.999436e-01
7.750000e+00	5.300522e+02	-7.523413e+02	0.000000e+00	4.947572e+03	1.044393e+03	0.000000e+00	0.000000e+00	0.000000e+00	-5.828508e-03	8.877688e-01	0.000000e+00	0.000000e+00	-4.602896e-01	2.230456e-02	0.000000e+00	0.000000e+00	-1.398927e+04	0.000000e+00	-7.779524e+04	3.820799e+02	0.000000e+00	0.000000e+00	0.000000e+00	-1.422283e-01	-5.481159e+01	0.000000e+00	0.000000e+00	-1.001847e+00
7.800000e+00	5.284892e+02	-7.505915e+02	0.000000e+00	4.974036e+03	1.006820e+03	0.000000e+00	0.000000e+00	0.000000e+00	-5.839660e-03	8.877017e-01	0.000000e+00	0.000000e+00	-4.604190e-01	2.243958e-02	0.000000e+00	0.000000e+00	-1.398944e+04	0.000000e+00	-7.792436e+04	3.834536e+02	0.000000e+00	0.000000e+00	0.000000e+00	-1.432445e-01	-5.482830e+01	0.000000e+00	0.000000e+00	-1.003764e+00
7.850000e+00	5.269243e+02	-7.488375e+02	0.000000e+00	5.000421e+03	9.693341e+02	0.000000e+00	0.000000e+00	0.000000e+00	-5.850890e-03	8.876344e-01	0.000000e+00	0.000000e+00	-4.605487e-01	2.257574e-02	0.000000e+00	0.000000e+00	-1.398960e+04	0.000000e+00	-7.805170e+04	3.848270e+02	0.000000e+00	0.000000e+00	0.000000e+00	-1.442652e-01	-5.484505e+01	0.000000e+00	0.000000e+00	-1.005694e+00
7.900000e+00	5.253575e+02	-7.470794e+02	0.000000e+00	5.026728e+03	9.319361e+02	0.000000e+00	0.000000e+00	0.000000e+00	-5.862201e-03	8.875670e-01	0.000000e+00	0.000000e+00	-4.606787e-01	2.271304e-02	0.000000e+00	0.000000e+00	-1.398976e+04	0.000000e+00	-7.817724e+04	3.861999e+02	0.000000e+00	0.000000e+00	0.000000e+00	-1.452904e-01	-5.486182e+01	0.000000e+00	0.000000e+00	-1.007638e+00
7.950000e+00	5.237889e+02	-7.453173e+02	0.000000e+00	5.052957e+03	8.946262e+02	0.000000e+00	0.000000e+00	0.000000e+00	-5.873592e-03	8.874994e-01	0.000000e+00	0.000000e+00	-4.608089e-01	2.285150e-02	0.000000e+00	0.000000e+00	-1.398993e+04	0.000000e+00	-7.830099e+04	3.875724e+02	0.000000e+00	0.000000e+00	0.000000e+00	-1.463199e-01	-5.487863e+01	0.000000e+00	0.000000e+00	-1.009596e+00
8.000000e+00	5.222185e+02	-7.435512e+02	0.000000e+00	5.079107e+03	8.574044e+02	0.000000e+00	0.000000e+00	0.000000e+00	-5.885064e-03	8.874316e-01	0.000000e+00	0.000000e+00	-4.609393e-01	2.299113e-02	0.000000e+00	0.000000e+00	-1.399009e+04	0.000000e+00	-7.842293e+04	3.889444e+02	0.000000e+00	0.000000e+00	0.000000e+00	-1.473538e-01	-5.489548e+01	0.000000e+00	0.000000e+00	-1.011568e+00
8.050000e+00	5.206464e+02	-7.417811e+02	0.000000e+00	5.105179e+03	8.202711e+02	0.000000e+00	0.000000e+00	0.000000e+00	-5.896616e-03	8.873637e-01	0.000000e+00	0.000000e+00	-4.610700e-01	2.313194e-02	0.000000e+00	0.000000e+00	-1.399025e+04	0.000000e+00	-7.854307e+04	3.903158e+02	0.000000e+00	0.000000e+00	0.000000e+00	-1.483922e-01	-5.491235e+01	0.000000e+00	0.000000e+00	-1.013554e+00
8.100000e+00	5.190726e+02	-7.400070e+02	0.000000e+00	5.131172e+03	7.832264e+02	0.000000e+00	0.000000e+00	0.000000e+00	-5.908250e-03	8.872957e-01	0.000000e+00	0.000000e+00	-4.612010e-01	2.327393e-02	0.000000e+00	0.000000e+00	-1.399042e+04	0.000000e+00	-7.866139e+04	3.916866e+02	0.000000e+00	0.000000e+00	0.000000e+00	-1.494349e-01	-5.492926e+01	0.000000e+00	0.000000e+00	-1.015553e+00
8.150000e+00	5.174972e+02	-7.382292e+02	0.000000e+00	5.157086e+03	7.462705e+02	0.000000e+00	0.000000e+00	0.000000e+00	-5.919966e-03	8.872275e-01	0.000000e+00	0.000000e+00	-4.613322e-01	2.341712e-02	0.000000e+00	0.000000e+00	-1.399058e+04	0.000000e+00	-7.877790e+04	3.930568e+02	0.000000e+00	0.000000e+00	0.000000e+00	-1.504820e-01	-5.494620e+01	0.000000e+00	0.000000e+00	-1.017567e+00
8.200000e+00	5.159201e+02	-7.364475e+02	0.000000e+00	5.182921e+03	7.094036e+02	0.000000e+00	0.000000e+00	0.000000e+00	-5.931763e-03	8.871591e-01	0.000000e+00	0.000000e+00	-4.614636e-01	2.356152e-02	0.000000e+00	0.000000e+00	-1.399074e+04	0.000000e+00	-7.889259e+04	3.944263e+02	0.000000e+00	0.000000e+00	0.000000e+00	-1.515335e-01	-5.496318e+01	0.000000e+00	0.000000e+00	-1.019595e+00
8.250000e+00	5.143414e+02	-7.346621e+02	0.000000e+00	5.208678e+03	6.726258e+02	0.000000e+00	0.000000e+00	0.000000e+00	-5.943643e-03	8.870906e-01	0.000000e+00	0.000000e+00	-4.615953e-01	2.370713e-02	0.000000e+00	0.000000e+00	-1.399090e+04	0.000000e+00	-7.900546e+04	3.957951e+02	0.000000e+00	0.000000e+00	0.000000e+00	-1.525892e-01	-5.498019e+01	0.000000e+00	0.000000e+00	-1.021637e+00
8.300000e+00	5.127612e+02	-7.328729e+02	0.000000e+00	5.234356e+03	6.359374e+02	0.000000e+00	0.000000e+00	0.000000e+00	-5.955605e-03	8.870220e-01	0.000000e+00	0.000000e+00	-4.617272e-01	2.385397e-02	0.000000e+00	0.000000e+00	-1.399106e+04	0.000000e+00	-7.911650e+04	3.971631e+02	0.000000e+00	0.000000e+00	0.000000e+00	-1.536493e-01	-5.499724e+01	0.000000e+00	0.000000e+00	-1.023693e+00
8.350000e+00	5.111795e+02	-7.310801e+02	0.000000e+00	5.259954e+03	5.993386e+02	0.000000e+00	0.000000e+00	0.000000e+00	-5.967651e-03	8.869531e-01	0.000000e+00	0.000000e+00	-4.618594e-01	2.400204e-02	0.000000e+00	0.000000e+00	-1.399122e+04	0.000000e+00	-7.922572e+04	3.985303e+02	0.000000e+00	0.000000e+00	0.000000e+00	-1.547137e-01	-5.501431e+01	0.000000e+00	0.000000e+00	-1.025764e+00
8.400000e+00	5.095964e+02	-7.292837e+02	0.000000e+00	5.285473e+03	5.628295e+02	0.000000e+00	0.000000e+00	0.000000e+00	-5.979779e-03	8.868842e-01	0.000000e+00	0.000000e+00	-4.619919e-01	2.415137e-02	0.000000e+00	0.000000e+00	-1.399138e+04	0.000000e+00	-7.933310e+04	3.998966e+02	0.000000e+00	0.000000e+00	0.000000e+00	-1.557824e-01	-5.503143e+01	0.000000e+00	0.000000e+00	-1.027848e+00
8.450000e+00	5.080118e+02	-7.274837e+02	0.000000e+00	5.310914e+03	5.264103e+02	0.000000e+00	0.000000e+00	0.000000e+00	-5.991992e-03	8.868150e-01	0.000000e+00	0.000000e+00	-4.621246e-01	2.430196e-02	0.000000e+00	0.000000e+00	-1.399154e+04	0.000000e+00	-7.943866e+04	4.012621e+02	0.000000e+00	0.000000e+00	0.000000e+00	-1.568554e-01	-5.504858e+01	0.000000e+00	0.000000e+00	-1.029948e+00
8.500000e+00	5.064259e+02	-7.256803e+02	0.000000e+00	5.336275e+03	4.900811e+02	0.000000e+00	0.000000e+00	0.000000e+00	-6.004288e-03	8.867457e-01	0.000000e+00	0.000000e+00	-4.622576e-01	2.445381e-02	0.000000e+00	0.000000e+00	-1.399170e+04	0.000000e+00	-7.954240e+04	4.026266e+02	0.000000e+00	0.000000e+00	0.000000e+00	-1.579326e-01	-5.506576e+01	0.000000e+00	0.000000e+00	-1.032061e+00
8.550000e+00	5.048386e+02	-7.238733e+02	0.000000e+00	5.361556e+03	4.538423e+02	0.000000e+00	0.000000e+00	0.000000e+00	-6.016669e-03	8.866762e-01	0.000000e+00	0.000000e+00	-4.623908e-01	2.460696e-02	0.000000e+00	0.000000e+00	-1.399186e+04	0.000000e+00	-7.964430e+04	4.039902e+02	0.000000e+00	0.000000e+00	0.000000e+00	-1.590141e-01	-5.508298e+01	0.000000e+00	0.000000e+00	-1.034189e+00
8.600000e+00	5.032500e+02	-7.220630e+02	0.000000e+00	5.386758e+03	4.176939e+02	0.000000e+00	0.000000e+00	0.000000e+00	-6.029134e-03	8.866066e-01	0.000000e+00	0.000000e+00	-4.625243e-01	2.476139e-02	0.000000e+00	0.000000e+00	-1.399202e+04	0.000000e+00	-7.974438e+04	4.053529e+02	0.000000e+00	0.000000e+00	0.000000e+00	-1.600997e-01	-5.510023e+01	0.000000e+00	0.000000e+00	-1.036332e+00
8.650000e+00	5.016601e+02	-7.202493e+02	0.000000e+00	5.411881e+03	3.816360e+02	0.000000e+00	0.000000e+00	0.000000e+00	-6.041685e-03	8.865368e-01	0.000000e+00	0.000000e+00	-4.626581e-01	2.491714e-02	0.000000e+00	0.000000e+00	-1.399218e+04	0.000000e+00	-7.984263e+04	4.067144e+02	0.000000e+00	0.000000e+00	0.000000e+00	-1.611896e-01	-5.511752e+01	0.000000e+00	0.000000e+00	-1.038489e+00
8.700000e+00	5.000691e+02	-7.184323e+02	0.000000e+00	5.436924e+03	3.456690e+02	0.000000e+00	0.000000e+00	0.000000e+00	-6.054320e-03	8.864668e-01	0.000000e+00	0.000000e+00	-4.627921e-01	2.507420e-02	0.000000e+00	0.000000e+00	-1.399234e+04	0.000000e+00	-7.993906e+04	4.080750e+02	0.000000e+00	0.000000e+00	0.000000e+00	-1.622836e-01	-5.513485e+01	0.000000e+00	0.000000e+00	-1.040661e+00
8.750000e+00	4.984769e+02	-7.166121e+02	0.000000e+00	5.461888e+03	3.097929e+02	0.000000e+00	0.000000e+00	0.000000e+00	-6.067041e-03	8.863967e-01	0.000000e+00	0.000000e+00	-4.629264e-01	2.523260e-02	0.000000e+00	0.000000e+00	-1.399250e+04	0.000000e+00	-8.003367e+04	4.094345e+02	0.000000e+00	0.000000e+00	0.000000e+00	-1.633818e-01	-5.515221e+01	0.000000e+00	0.000000e+00	-1.042848e+00
8.800000e+00	4.968835e+02	-7.147886e+02	0.000000e+00	5.486772e+03	2.740078e+02	0.000000e+00	0.000000e+00	0.000000e+00	-6.079849e-03	8.863264e-01	0.000000e+00	0.000000e+00	-4.630610e-01	2.539235e-02	0.000000e+00	0.000000e+00	-1.399265e+04	0.000000e+00	-8.012646e+04	4.107928e+02	0.000000e+00	0.000000e+00	0.000000e+00	-1.644841e-01	-5.516961e+01	0.000000e+00	0.000000e+00	-1.045049e+00
8.850000e+00	4.952890e+02	-7.129620e+02	0.000000e+00	5.511576e+03	2.383141e+02	0.000000e+00	0.000000e+00	0.000000e+00	-6.092742e-03	8.862559e-01	0.000000e+00	0.000000e+00	-4.631959e-01	2.555345e-02	0.000000e+00	0.000000e+00	-1.399281e+04	0.000000e+00	-8.021745e+04	4.121501e+02	0.000000e+00	0.000000e+00	0.000000e+00	-1.655906e-01	-5.518705e+01	0.000000e+00	0.000000e+00	-1.047265e+00
8.900000e+00	4.936935e+02	-7.111323e+02	0.000000e+00	5.536301e+03	2.027117e+02	0.000000e+00	0.000000e+00	0.000000e+00	-6.105722e-03	8.861853e-01	0.000000e+00	0.000000e+00	-4.633310e-01	2.571593e-02	0.000000e+00	0.000000e+00	-1.399297e+04	0.000000e+00	-8.030662e+04	4.135062e+02	0.000000e+00	0.000000e+00	0.000000e+00	-1.667011e-01	-5.520452e+01	0.000000e+00	0.000000e+00	-1.049496e+00
8.950000e+00	4.920969e+02	-7.092995e+02	0.000000e+00	5.560946e+03	1.672009e+02	0.000000e+00	0.000000e+00	0.000000e+00	-6.118789e-03	8.861145e-01	0.000000e+00	0.000000e+00	-4.634664e-01	2.587979e-02	0.000000e+00	0.000000e+00	-1.399312e+04	0.000000e+00	-8.039400e+04	4.148612e+02	0.000000e+00	0.000000e+00	0.000000e+00	-1.678158e-01	-5.522203e+01	0.000000e+00	0.000000e+00	-1.051742e+00
9.000000e+00	4.904994e+02	-7.074638e+02	0.000000e+00	5.585511e+03	1.317818e+02	0.000000e+00	0.000000e+00	0.000000e+00	-6.131944e-03	8.860435e-01	0.000000e+00	0.000000e+00	-4.636021e-01	2.604505e-02	0.000000e+00	0.000000e+00	-1.399328e+04	0.000000e+00	-8.047958e+04	4.162149e+02	0.000000e+00	0.000000e+00	0.000000e+00	-1.689345e-01	-5.523958e+01	0.000000e+00	0.000000e+00	-1.054003e+00
9.050000e+00	4.889009e+02	-7.056251e+02	0.000000e+00	5.609996e+03	9.645455e+01	0.000000e+00	0.000000e+00	0.000000e+00	-6.145185e-03	8.859724e-01	0.000000e+00	0.000000e+00	-4.637381e-01	2.621173e-02	0.000000e+00	0.000000e+00	-1.399343e+04	0.000000e+00	-8.056338e+04	4.175675e+02	0.000000e+00	0.000000e+00	0.000000e+00	-1.700572e-01	-5.525716e+01	0.000000e+00	0.000000e+00	-1.056280e+00
9.100000e+00	4.873016e+02	-7.037835e+02	0.000000e+00	5.634401e+03	6.121933e+01	0.000000e+00	0.000000e+00	0.000000e+00	-6.158515e-03	8.859010e-01	0.000000e+00	0.000000e+00	-4.638743e-01	2.637984e-02	0.000000e+00	0.000000e+00	-1.399359e+04	0.000000e+00	-8.064540e+04	4.189189e+02	0.000000e+00	0.000000e+00	0.000000e+00	-1.711839e-01	-5.527479e+01	0.000000e+00	0.000000e+00	-1.058571e+00
9.150000e+00	4.857013e+02	-7.019390e+02	0.000000e+00	5.658726e+03	2.607626e+01	0.000000e+00	0.000000e+00	0.000000e+00	-6.171933e-03	8.858295e-01	0.000000e+00	0.000000e+00	-4.640108e-01	2.654940e-02	0.000000e+00	0.000000e+00	-1.399374e+04	0.000000e+00	-8.072566e+04	4.202691e+02	0.000000e+00	0.000000e+00	0.000000e+00	-1.723147e-01	-5.529245e+01	0.000000e+00	0.000000e+00	-1.060877e+00
9.187185e+00	4.845107e+02	-7.005654e+02	0.000000e+00	5.676764e+03	4.891639e-04	0.000000e+00	0.000000e+00	0.000000e+00	-6.181969e-03	8.857762e-01	0.000000e+00	0.000000e+00	-4.641126e-01	2.667645e-02	0.000000e+00	0.000000e+00	-1.399386e+04	0.000000e+00	-8.078420e+04	4.212724e+02	0.000000e+00	0.000000e+00	0.000000e+00	-1.731582e-01	-5.530561e+01	0.000000e+00	0.000000e+00	-1.062602e+00
