0	7.305137e+02	-9.520240e+02	0.000000e+00	0.000000e+00	7.750000e+03	0.000000e+00	0.000000e+00	0.000000e+00	0.000000e+00	8.968727e-01	0.000000e+00	0.000000e+00	-4.422887e-01	-1.085629e-14	0.000000e+00	0.000000e+00	-1.395987e+04	0.000000e+00	-4.488824e+04	-1.281640e-10	0.000000e+00	0.000000e+00	0.000000e+00	1.402849e-11	-5.250000e+01	0.000000e+00	0.000000e+00	0.000000e+00
5.000000e-01	7.207526e+02	-9.440371e+02	0.000000e+00	3.628376e+02	7.275957e+03	0.000000e+00	0.000000e+00	0.000000e+00	-4.347739e-03	8.963506e-01	0.000000e+00	0.000000e+00	-4.433460e-01	3.893122e-03	0.000000e+00	0.000000e+00	-1.396195e+04	0.000000e+00	-4.725727e+04	1.038021e+02	0.000000e+00	0.000000e+00	0.000000e+00	8.122066e+00	-5.263513e+01	0.000000e+00	0.000000e+00	-7.473213e-01
1.000000e+00	7.105074e+02	-9.353690e+02	0.000000e+00	7.206714e+02	6.806076e+03	0.000000e+00	0.000000e+00	0.000000e+00	-5.105704e-03	8.958302e-01	0.000000e+00	0.000000e+00	-4.443964e-01	1.019557e-02	0.000000e+00	0.000000e+00	-1.396401e+04	0.000000e+00	-4.965215e+04	1.954844e+02	0.000000e+00	0.000000e+00	0.000000e+00	2.571676e+00	-5.276946e+01	0.000000e+00	0.000000e+00	-8.776059e-01
1.500000e+00	6.997882e+02	-9.260027e+02	0.000000e+00	1.073265e+03	6.340704e+03	0.000000e+00	0.000000e+00	0.000000e+00	-5.043890e-03	8.952875e-01	0.000000e+00	0.000000e+00	-4.454887e-01	1.212202e-02	0.000000e+00	0.000000e+00	-1.396604e+04	0.000000e+00	-5.206233e+04	2.240857e+02	0.000000e+00	0.000000e+00	0.000000e+00	2.352345e-01	-5.290922e+01	0.000000e+00	0.000000e+00	-8.669808e-01
2.000000e+00	6.885983e+02	-9.159319e+02	0.000000e+00	1.420381e+03	5.880190e+03	0.000000e+00	0.000000e+00	0.000000e+00	-5.005923e-03	8.947338e-01	0.000000e+00	0.000000e+00	-4.465998e-01	1.264737e-02	0.000000e+00	0.000000e+00	-1.396806e+04	0.000000e+00	-5.447625e+04	2.351656e+02	0.000000e+00	0.000000e+00	0.000000e+00	-1.222523e-01	-5.305148e+01	0.000000e+00	0.000000e+00	-8.604547e-01
2.500000e+00	6.769416e+02	-9.051547e+02	0.000000e+00	1.761785e+03	5.424889e+03	0.000000e+00	0.000000e+00	0.000000e+00	-5.032404e-03	8.941735e-01	0.000000e+00	0.000000e+00	-4.477206e-01	1.308138e-02	0.000000e+00	0.000000e+00	-1.397006e+04	0.000000e+00	-5.688132e+04	2.455639e+02	0.000000e+00	0.000000e+00	0.000000e+00	-9.558029e-02	-5.319506e+01	0.000000e+00	0.000000e+00	-8.650066e-01
3.000000e+00	6.648251e+02	-8.936730e+02	0.000000e+00	2.097246e+03	4.975153e+03	0.000000e+00	0.000000e+00	0.000000e+00	-5.080142e-03	8.936068e-01	0.000000e+00	0.000000e+00	-4.488507e-01	1.360971e-02	0.000000e+00	0.000000e+00	-1.397203e+04	0.000000e+00	-5.926397e+04	2.570897e+02	0.000000e+00	0.000000e+00	0.000000e+00	-7.280957e-02	-5.333993e+01	0.000000e+00	0.000000e+00	-8.732121e-01
3.500000e+00	6.522590e+02	-8.814923e+02	0.000000e+00	2.426535e+03	4.531333e+03	0.000000e+00	0.000000e+00	0.000000e+00	-5.134356e-03	8.930329e-01	0.000000e+00	0.000000e+00	-4.499913e-01	1.421237e-02	0.000000e+00	0.000000e+00	-1.397397e+04	0.000000e+00	-6.160969e+04	2.692242e+02	0.000000e+00	0.000000e+00	0.000000e+00	-7.238584e-02	-5.348625e+01	0.000000e+00	0.000000e+00	-8.825308e-01
4.000000e+00	6.392565e+02	-8.686224e+02	0.000000e+00	2.749432e+03	4.093776e+03	0.000000e+00	0.000000e+00	0.000000e+00	-5.193337e-03	8.924513e-01	0.000000e+00	0.000000e+00	-4.511437e-01	1.487750e-02	0.000000e+00	0.000000e+00	-1.397589e+04	0.000000e+00	-6.390316e+04	2.817044e+02	0.000000e+00	0.000000e+00	0.000000e+00	-7.848217e-02	-5.363418e+01	0.000000e+00	0.000000e+00	-8.926690e-01
4.500000e+00	6.258343e+02	-8.550775e+02	0.000000e+00	3.065722e+03	3.662823e+03	0.000000e+00	0.000000e+00	0.000000e+00	-5.257553e-03	8.918612e-01	0.000000e+00	0.000000e+00	-4.523091e-01	1.560674e-02	0.000000e+00	0.000000e+00	-1.397778e+04	0.000000e+00	-6.612835e+04	2.944670e+02	0.000000e+00	0.000000e+00	0.000000e+00	-8.568660e-02	-5.378386e+01	0.000000e+00	0.000000e+00	-9.037067e-01
5.000000e+00	6.120123e+02	-8.408764e+02	0.000000e+00	3.375200e+03	3.238808e+03	0.000000e+00	0.000000e+00	0.000000e+00	-5.327442e-03	8.912621e-01	0.000000e+00	0.000000e+00	-4.534886e-01	1.640525e-02	0.000000e+00	0.000000e+00	-1.397964e+04	0.000000e+00	-6.826871e+04	3.074876e+02	0.000000e+00	0.000000e+00	0.000000e+00	-9.323393e-02	-5.393547e+01	0.000000e+00	0.000000e+00	-9.157198e-01
5.500000e+00	5.978139e+02	-8.260429e+02	0.000000e+00	3.677671e+03	2.822052e+03	0.000000e+00	0.000000e+00	0.000000e+00	-5.403350e-03	8.906530e-01	0.000000e+00	0.000000e+00	-4.546836e-01	1.727876e-02	0.000000e+00	0.000000e+00	-1.398147e+04	0.000000e+00	-7.030744e+04	3.207375e+02	0.000000e+00	0.000000e+00	0.000000e+00	-1.011560e-01	-5.408916e+01	0.000000e+00	0.000000e+00	-9.287675e-01
6.000000e+00	5.832658e+02	-8.106055e+02	0.000000e+00	3.972955e+03	2.412865e+03	0.000000e+00	0.000000e+00	0.000000e+00	-5.485609e-03	8.900334e-01	0.000000e+00	0.000000e+00	-4.558954e-01	1.823320e-02	0.000000e+00	0.000000e+00	-1.398326e+04	0.000000e+00	-7.222781e+04	3.341803e+02	0.000000e+00	0.000000e+00	0.000000e+00	-1.095005e-01	-5.424512e+01	0.000000e+00	0.000000e+00	-9.429067e-01
6.500000e+00	5.683979e+02	-7.945975e+02	0.000000e+00	4.260884e+03	2.011542e+03	0.000000e+00	0.000000e+00	0.000000e+00	-5.574559e-03	8.894023e-01	0.000000e+00	0.000000e+00	-4.571253e-01	1.927477e-02	0.000000e+00	0.000000e+00	-1.398502e+04	0.000000e+00	-7.401364e+04	3.477729e+02	0.000000e+00	0.000000e+00	0.000000e+00	-1.182869e-01	-5.440352e+01	0.000000e+00	0.000000e+00	-9.581961e-01
7.000000e+00	5.532432e+02	-7.780571e+02	0.000000e+00	4.541305e+03	1.618357e+03	0.000000e+00	0.000000e+00	0.000000e+00	-5.670550e-03	8.887590e-01	0.000000e+00	0.000000e+00	-4.583749e-01	2.041008e-02	0.000000e+00	0.000000e+00	-1.398675e+04	0.000000e+00	-7.564983e+04	3.614662e+02	0.000000e+00	0.000000e+00	0.000000e+00	-1.275239e-01	-5.456458e+01	0.000000e+00	0.000000e+00	-9.746957e-01
7.500000e+00	5.378374e+02	-7.610263e+02	0.000000e+00	4.814085e+03	1.233566e+03	0.000000e+00	0.000000e+00	0.000000e+00	-5.773933e-03	8.881024e-01	0.000000e+00	0.000000e+00	-4.596457e-01	2.164624e-02	0.000000e+00	0.000000e+00	-1.398844e+04	0.000000e+00	-7.712312e+04	3.752078e+02	0.000000e+00	0.000000e+00	0.000000e+00	-1.372141e-01	-5.472849e+01	0.000000e+00	0.000000e+00	-9.924660e-01
8.000000e+00	5.222185e+02	-7.435512e+02	0.000000e+00	5.079107e+03	8.574044e+02	0.000000e+00	0.000000e+00	0.000000e+00	-5.885064e-03	8.874316e-01	0.000000e+00	0.000000e+00	-4.609393e-01	2.299113e-02	0.000000e+00	0.000000e+00	-1.399009e+04	0.000000e+00	-7.842293e+04	3.889444e+02	0.000000e+00	0.000000e+00	0.000000e+00	-1.473538e-01	-5.489548e+01	0.000000e+00	0.000000e+00	-1.011568e+00
8.500000e+00	5.064259e+02	-7.256803e+02	0.000000e+00	5.336275e+03	4.900811e+02	0.000000e+00	0.000000e+00	0.000000e+00	-6.004288e-03	8.867457e-01	0.000000e+00	0.000000e+00	-4.622576e-01	2.445381e-02	0.000000e+00	0.000000e+00	-1.399170e+04	0.000000e+00	-7.954240e+04	4.026266e+02	0.000000e+00	0.000000e+00	0.000000e+00	-1.579326e-01	-5.506576e+01	0.000000e+00	0.000000e+00	-1.032061e+00
9.000000e+00	4.904994e+02	-7.074638e+02	0.000000e+00	5.585511e+03	1.317818e+02	0.000000e+00	0.000000e+00	0.000000e+00	-6.131944e-03	8.860435e-01	0.000000e+00	0.000000e+00	-4.636021e-01	2.604505e-02	0.000000e+00	0.000000e+00	-1.399328e+04	0.000000e+00	-8.047958e+04	4.162149e+02	0.000000e+00	0.000000e+00	0.000000e+00	-1.689345e-01	-5.523958e+01	0.000000e+00	0.000000e+00	-1.054003e+00
9.187185e+00	4.845107e+02	-7.005654e+02	0.000000e+00	5.676764e+03	4.891639e-04	0.000000e+00	0.000000e+00	0.000000e+00	-6.181969e-03	8.857762e-01	0.000000e+00	0.000000e+00	-4.641126e-01	2.667645e-02	0.000000e+00	0.000000e+00	-1.399386e+04	0.000000e+00	-8.078420e+04	4.212724e+02	0.000000e+00	0.000000e+00	0.000000e+00	-1.731582e-01	-5.530561e+01	0.000000e+00	0.000000e+00	-1.062602e+00
